CSA,CBSA,MDIV,STCOU,NAME,LSAD,CENSUS2010POP,ESTIMATESBASE2010,POPESTIMATE2010,POPESTIMATE2011,NPOPCHG_2010,NPOPCHG_2011,NATURALINC2010,NATURALINC2011,BIRTHS2010,BIRTHS2011,DEATHS2010,DEATHS2011,NETMIG2010,NETMIG2011,INTERNATIONALMIG2010,INTERNATIONALMIG2011,DOMESTICMIG2010,DOMESTICMIG2011,RESIDUAL2010,RESIDUAL2011
102,,,,"Albany-Corvallis-Lebanon, OR",Combined Statistical Area,202251,202253,202384,204050,131,1666,118,450,548,2158,430,1708,15,1215,90,332,-75,883,-2,1
102,10540,,,"Albany-Lebanon, OR",Micropolitan Statistical Area,116672,116672,116857,118122,185,1265,68,234,357,1405,289,1171,122,1027,19,76,103,951,-5,4
102,10540,,41043,"Linn County, OR",County or equivalent,116672,116672,116857,118122,185,1265,68,234,357,1405,289,1171,122,1027,19,76,103,951,-5,4
102,18700,,,"Corvallis, OR",Metropolitan Statistical Area,85579,85581,85527,85928,-54,401,50,216,191,753,141,537,-107,188,71,256,-178,-68,3,-3
102,18700,,41003,"Benton County, OR",County or equivalent,85579,85581,85527,85928,-54,401,50,216,191,753,141,537,-107,188,71,256,-178,-68,3,-3
104,,,,"Albany-Schenectady-Amsterdam, NY",Combined Statistical Area,1168485,1168485,1168762,1168120,277,-642,436,1468,3026,11978,2590,10510,-138,-2083,436,1402,-574,-3485,-21,-27
104,10580,,,"Albany-Schenectady-Troy, NY",Metropolitan Statistical Area,870716,870718,870966,871478,248,512,443,1541,2293,9044,1850,7503,-184,-1002,408,1246,-592,-2248,-11,-27
104,10580,,36001,"Albany County, NY",County or equivalent,304204,304206,303889,303565,-317,-324,133,467,769,3038,636,2571,-453,-781,188,601,-641,-1382,3,-10
104,10580,,36083,"Rensselaer County, NY",County or equivalent,159429,159429,159465,159395,36,-70,78,268,443,1753,365,1485,-37,-335,75,278,-112,-613,-5,-3
104,10580,,36091,"Saratoga County, NY",County or equivalent,219607,219607,219988,220882,381,894,126,460,547,2145,421,1685,257,441,68,82,189,359,-2,-7
104,10580,,36093,"Schenectady County, NY",County or equivalent,154727,154727,154932,155058,205,126,122,353,467,1834,345,1481,88,-225,76,277,12,-502,-5,-2
104,10580,,36095,"Schoharie County, NY",County or equivalent,32749,32749,32692,32578,-57,-114,-16,-7,67,274,83,281,-39,-102,1,8,-40,-110,-2,-5
104,11220,,,"Amsterdam, NY",Micropolitan Statistical Area,50219,50219,50260,49916,41,-344,15,35,153,611,138,576,28,-382,9,47,19,-429,-2,3
104,11220,,36057,"Montgomery County, NY",County or equivalent,50219,50219,50260,49916,41,-344,15,35,153,611,138,576,28,-382,9,47,19,-429,-2,3
104,24020,,,"Glens Falls, NY",Metropolitan Statistical Area,128923,128921,129045,128996,124,-49,10,16,314,1252,304,1236,117,-61,8,45,109,-106,-3,-4
104,24020,,36113,"Warren County, NY",County or equivalent,65707,65705,65723,65831,18,108,4,14,158,629,154,615,17,97,6,28,11,69,-3,-3
104,24020,,36115,"Washington County, NY",County or equivalent,63216,63216,63322,63165,106,-157,6,2,156,623,150,621,100,-158,2,17,98,-175,0,-1
104,24100,,,"Gloversville, NY",Micropolitan Statistical Area,55531,55531,55471,55180,-60,-291,-8,-42,134,540,142,582,-50,-250,1,16,-51,-266,-2,1
104,24100,,36035,"Fulton County, NY",County or equivalent,55531,55531,55471,55180,-60,-291,-8,-42,134,540,142,582,-50,-250,1,16,-51,-266,-2,1
104,26460,,,"Hudson, NY",Micropolitan Statistical Area,63096,63096,63020,62550,-76,-470,-24,-82,132,531,156,613,-49,-388,10,48,-59,-436,-3,0
104,26460,,36021,"Columbia County, NY",County or equivalent,63096,63096,63020,62550,-76,-470,-24,-82,132,531,156,613,-49,-388,10,48,-59,-436,-3,0
112,,,,"Ames-Boone, IA",Combined Statistical Area,115848,115848,115846,115918,-2,72,101,467,305,1234,204,767,-107,-401,92,371,-199,-772,4,6
112,11180,,,"Ames, IA",Metropolitan Statistical Area,89542,89542,89567,89663,25,96,115,482,236,948,121,466,-95,-394,91,370,-186,-764,5,8
112,11180,,19169,"Story County, IA",County or equivalent,89542,89542,89567,89663,25,96,115,482,236,948,121,466,-95,-394,91,370,-186,-764,5,8
112,14340,,,"Boone, IA",Micropolitan Statistical Area,26306,26306,26279,26255,-27,-24,-14,-15,69,286,83,301,-12,-7,1,1,-13,-8,-1,-2
112,14340,,19015,"Boone County, IA",County or equivalent,26306,26306,26279,26255,-27,-24,-14,-15,69,286,83,301,-12,-7,1,1,-13,-8,-1,-2
118,,,,"Appleton-Oshkosh-Neenah, WI",Combined Statistical Area,392660,392660,393076,395102,416,2026,496,1833,1196,4661,700,2828,-73,211,59,223,-132,-12,-7,-18
118,11540,,,"Appleton, WI",Metropolitan Statistical Area,225666,225666,225984,227403,318,1419,336,1286,704,2750,368,1464,-16,140,37,128,-53,12,-2,-7
118,11540,,55015,"Calumet County, WI",County or equivalent,48971,48971,49019,49490,48,471,57,249,142,566,85,317,-9,222,1,24,-10,198,0,0
118,11540,,55087,"Outagamie County, WI",County or equivalent,176695,176695,176965,177913,270,948,279,1037,562,2184,283,1147,-7,-82,36,104,-43,-186,-2,-7
118,36780,,,"Oshkosh-Neenah, WI",Metropolitan Statistical Area,166994,166994,167092,167699,98,607,160,547,492,1911,332,1364,-57,71,22,95,-79,-24,-5,-11
118,36780,,55139,"Winnebago County, WI",County or equivalent,166994,166994,167092,167699,98,607,160,547,492,1911,332,1364,-57,71,22,95,-79,-24,-5,-11
120,,,,"Asheville-Brevard, NC",Combined Statistical Area,457948,457949,458643,461837,694,3194,-57,-163,1127,4671,1184,4834,768,3354,183,600,585,2754,-17,3
120,11700,,,"Asheville, NC",Metropolitan Statistical Area,424858,424859,425567,429017,708,3450,-35,-94,1063,4384,1098,4478,757,3536,175,564,582,2972,-14,8
120,11700,,37021,"Buncombe County, NC",County or equivalent,238318,238319,238846,241419,527,2573,74,258,635,2570,561,2312,454,2299,118,352,336,1947,-1,16
120,11700,,37087,"Haywood County, NC",County or equivalent,59036,59036,58974,58855,-62,-119,-44,-146,127,542,171,688,-13,31,4,12,-17,19,-5,-4
120,11700,,37089,"Henderson County, NC",County or equivalent,106740,106740,106965,107927,225,962,-51,-153,262,1105,313,1258,283,1119,50,187,233,932,-7,-4
120,11700,,37115,"Madison County, NC",County or equivalent,20764,20764,20782,20816,18,34,-14,-53,39,167,53,220,33,87,3,13,30,74,-1,0
120,14820,,,"Brevard, NC",Micropolitan Statistical Area,33090,33090,33076,32820,-14,-256,-22,-69,64,287,86,356,11,-182,8,36,3,-218,-3,-5
120,14820,,37175,"Transylvania County, NC",County or equivalent,33090,33090,33076,32820,-14,-256,-22,-69,64,287,86,356,11,-182,8,36,3,-218,-3,-5
122,,,,"Atlanta-Sandy Springs-Gainesville, GA-AL",Combined Statistical Area,5618431,5618431,5636227,5712148,17796,75921,10734,44605,19229,79082,8495,34477,6831,31105,4710,18386,2121,12719,231,211
122,12060,,,"Atlanta-Sandy Springs-Marietta, GA",Metropolitan Statistical Area,5268860,5268860,5286296,5359205,17436,72909,10310,42908,18054,74174,7744,31266,6897,29789,4456,17370,2441,12419,229,212
122,12060,,13013,"Barrow County, GA",County or equivalent,69367,69367,69724,69912,357,188,138,584,254,1055,116,471,215,-400,24,80,191,-480,4,4
122,12060,,13015,"Bartow County, GA",County or equivalent,100157,100157,100166,100421,9,255,138,546,327,1334,189,788,-133,-291,33,106,-166,-397,4,0
122,12060,,13035,"Butts County, GA",County or equivalent,23655,23655,23674,23504,19,-170,9,45,67,296,58,251,11,-217,3,11,8,-228,-1,2
122,12060,,13045,"Carroll County, GA",County or equivalent,110527,110527,110681,111159,154,478,153,687,381,1596,228,909,1,-210,57,212,-56,-422,0,1
122,12060,,13057,"Cherokee County, GA",County or equivalent,214346,214344,215245,218286,901,3041,450,1883,705,2911,255,1028,448,1166,96,330,352,836,3,-8
122,12060,,13063,"Clayton County, GA",County or equivalent,259424,259423,259641,261532,218,1891,729,2816,1073,4196,344,1380,-534,-933,225,659,-759,-1592,23,8
122,12060,,13067,"Cobb County, GA",County or equivalent,688078,688078,689749,697553,1671,7804,1426,5875,2334,9507,908,3632,233,1956,672,2527,-439,-571,12,-27
122,12060,,13077,"Coweta County, GA",County or equivalent,127317,127317,127906,129629,589,1723,220,853,406,1651,186,798,361,868,54,206,307,662,8,2
122,12060,,13085,"Dawson County, GA",County or equivalent,22330,22339,22362,22459,23,97,29,98,59,245,30,147,-5,1,2,8,-7,-7,-1,-2
122,12060,,13089,"DeKalb County, GA",County or equivalent,691893,691893,692858,699893,965,7035,1701,7011,2678,10977,977,3966,-790,-9,1025,4009,-1815,-4018,54,33
122,12060,,13097,"Douglas County, GA",County or equivalent,132403,132403,132650,133355,247,705,191,925,413,1762,222,837,57,-219,49,185,8,-404,-1,-1
122,12060,,13113,"Fayette County, GA",County or equivalent,106567,106567,107010,107784,443,774,30,121,190,803,160,682,415,670,55,191,360,479,-2,-17
122,12060,,13117,"Forsyth County, GA",County or equivalent,175511,175511,176775,181840,1264,5065,354,1425,561,2237,207,812,890,3599,89,309,801,3290,20,41
122,12060,,13121,"Fulton County, GA",County or equivalent,920581,920583,925920,949599,5337,23679,1615,7186,3161,13387,1546,6201,3643,16330,917,3783,2726,12547,79,163
122,12060,,13135,"Gwinnett County, GA",County or equivalent,805321,805321,808291,824941,2970,16650,2025,8526,2885,11828,860,3302,939,8095,919,3856,20,4239,6,29
122,12060,,13143,"Haralson County, GA",County or equivalent,28780,28780,28789,28638,9,-151,0,38,89,364,89,326,11,-191,1,9,10,-200,-2,2
122,12060,,13149,"Heard County, GA",County or equivalent,11834,11834,11856,11744,22,-112,7,-3,27,108,20,111,15,-110,1,2,14,-112,0,1
122,12060,,13151,"Henry County, GA",County or equivalent,203922,203923,205198,207360,1275,2162,300,1420,615,2607,315,1187,953,753,72,258,881,495,22,-11
122,12060,,13159,"Jasper County, GA",County or equivalent,13900,13900,13934,13885,34,-49,22,57,43,177,21,120,13,-107,7,33,6,-140,-1,1
122,12060,,13171,"Lamar County, GA",County or equivalent,18317,18317,18248,18194,-69,-54,10,11,47,213,37,202,-81,-66,1,6,-82,-72,2,1
122,12060,,13199,"Meriwether County, GA",County or equivalent,21992,21992,21863,21617,-129,-246,23,12,62,253,39,241,-154,-261,1,3,-155,-264,2,3
122,12060,,13217,"Newton County, GA",County or equivalent,99958,99958,100072,100814,114,742,156,667,338,1364,182,697,-43,80,21,91,-64,-11,1,-5
122,12060,,13223,"Paulding County, GA",County or equivalent,142324,142324,142796,143542,472,746,300,1069,471,1809,171,740,169,-323,36,119,133,-442,3,0
122,12060,,13227,"Pickens County, GA",County or equivalent,29431,29422,29448,29415,26,-33,-4,23,73,311,77,288,33,-55,4,14,29,-69,-3,-1
122,12060,,13231,"Pike County, GA",County or equivalent,17869,17869,17917,17751,48,-166,13,28,45,188,32,160,34,-195,3,12,31,-207,1,1
122,12060,,13247,"Rockdale County, GA",County or equivalent,85215,85215,85419,85765,204,346,122,490,261,1082,139,592,83,-145,67,255,16,-400,-1,1
122,12060,,13255,"Spalding County, GA",County or equivalent,64073,64073,64063,64033,-10,-30,58,221,221,890,163,669,-68,-251,12,43,-80,-294,0,0
122,12060,,13297,"Walton County, GA",County or equivalent,83768,83768,84041,84580,273,539,95,294,268,1023,173,729,181,254,10,53,171,201,-3,-9
122,16340,,,"Cedartown, GA",Micropolitan Statistical Area,41475,41475,41373,41211,-102,-162,24,141,133,610,109,469,-129,-305,13,56,-142,-361,3,2
122,16340,,13233,"Polk County, GA",County or equivalent,41475,41475,41373,41211,-102,-162,24,141,133,610,109,469,-129,-305,13,56,-142,-361,3,2
122,23580,,,"Gainesville, GA",Metropolitan Statistical Area,179684,179684,180152,183052,468,2900,359,1434,642,2672,283,1238,109,1469,215,859,-106,610,0,-3
122,23580,,13139,"Hall County, GA",County or equivalent,179684,179684,180152,183052,468,2900,359,1434,642,2672,283,1238,109,1469,215,859,-106,610,0,-3
122,29300,,,"LaGrange, GA",Micropolitan Statistical Area,67044,67044,67170,67764,126,594,58,242,222,912,164,670,68,352,10,47,58,305,0,0
122,29300,,13285,"Troup County, GA",County or equivalent,67044,67044,67170,67764,126,594,58,242,222,912,164,670,68,352,10,47,58,305,0,0
122,45580,,,"Thomaston, GA",Micropolitan Statistical Area,27153,27153,27093,26977,-60,-116,-1,-32,84,341,85,373,-59,-84,12,34,-71,-118,0,0
122,45580,,13293,"Upson County, GA",County or equivalent,27153,27153,27093,26977,-60,-116,-1,-32,84,341,85,373,-59,-84,12,34,-71,-118,0,0
122,46740,,,"Valley, AL",Micropolitan Statistical Area,34215,34215,34143,33939,-72,-204,-16,-88,94,373,110,461,-55,-116,4,20,-59,-136,-1,0
122,46740,,1017,"Chambers County, AL",County or equivalent,34215,34215,34143,33939,-72,-204,-16,-88,94,373,110,461,-55,-116,4,20,-59,-136,-1,0
126,,,,"Austin-Round Rock-Marble Falls, TX",Combined Statistical Area,1759039,1759039,1771046,1826636,12007,55590,4504,18161,6591,26450,2087,8289,7352,37046,1542,6171,5810,30875,151,383
126,12420,,,"Austin-Round Rock-San Marcos, TX",Metropolitan Statistical Area,1716289,1716289,1728247,1783519,11958,55272,4491,18085,6474,25973,1983,7888,7314,36803,1534,6134,5780,30669,153,384
126,12420,,48021,"Bastrop County, TX",County or equivalent,74171,74169,74401,75115,232,714,97,307,219,887,122,580,132,406,7,20,125,386,3,1
126,12420,,48055,"Caldwell County, TX",County or equivalent,38066,38066,38126,38442,60,316,47,196,120,487,73,291,14,120,10,47,4,73,-1,0
126,12420,,48209,"Hays County, TX",County or equivalent,157107,157103,158311,164050,1208,5739,326,1330,518,2079,192,749,863,4354,22,108,841,4246,19,55
126,12420,,48453,"Travis County, TX",County or equivalent,1024266,1024272,1030588,1063130,6316,32542,2880,11785,4033,16240,1153,4455,3367,20547,1255,5206,2112,15341,69,210
126,12420,,48491,"Williamson County, TX",County or equivalent,422679,422679,426821,442782,4142,15961,1141,4467,1584,6280,443,1813,2938,11376,240,753,2698,10623,63,118
126,31920,,,"Marble Falls, TX",Micropolitan Statistical Area,42750,42750,42799,43117,49,318,13,76,117,477,104,401,38,243,8,37,30,206,-2,-1
126,31920,,48053,"Burnet County, TX",County or equivalent,42750,42750,42799,43117,49,318,13,76,117,477,104,401,38,243,8,37,30,206,-2,-1
132,,,,"Baton Rouge-Pierre Part, LA",Combined Statistical Area,825905,825905,827935,831395,2030,3460,1357,5126,2819,11588,1462,6462,659,-1690,268,781,391,-2471,14,24
132,12940,,,"Baton Rouge, LA",Metropolitan Statistical Area,802484,802484,804568,808242,2084,3674,1341,5109,2765,11349,1424,6240,729,-1459,267,777,462,-2236,14,24
132,12940,,22005,"Ascension Parish, LA",County or equivalent,107215,107169,107862,109985,693,2123,249,958,405,1639,156,681,432,1155,17,61,415,1094,12,10
132,12940,,22033,"East Baton Rouge Parish, LA",County or equivalent,440171,440178,440879,441438,701,559,675,2811,1539,6318,864,3507,31,-2268,220,612,-189,-2880,-5,16
132,12940,,22037,"East Feliciana Parish, LA",County or equivalent,20267,20263,20198,20117,-65,-81,24,19,60,245,36,226,-90,-100,1,4,-91,-104,1,0
132,12940,,22047,"Iberville Parish, LA",County or equivalent,33387,33387,33362,33230,-25,-132,45,136,99,420,54,284,-69,-269,1,2,-70,-271,-1,1
132,12940,,22063,"Livingston Parish, LA",County or equivalent,128026,128069,128687,130251,618,1564,213,934,447,1839,234,905,396,631,19,66,377,565,9,-1
132,12940,,22077,"Pointe Coupee Parish, LA",County or equivalent,22802,22802,22787,22703,-15,-84,29,64,74,304,45,240,-42,-146,3,9,-45,-155,-2,-2
132,12940,,22091,"St. Helena Parish, LA",County or equivalent,11203,11203,11206,10949,3,-257,21,31,29,131,8,100,-16,-289,1,3,-17,-292,-2,1
132,12940,,22121,"West Baton Rouge Parish, LA",County or equivalent,23788,23788,23954,24109,166,155,62,153,84,339,22,186,101,3,5,19,96,-16,3,-1
132,12940,,22125,"West Feliciana Parish, LA",County or equivalent,15625,15625,15633,15460,8,-173,23,3,28,114,5,111,-14,-176,0,1,-14,-177,-1,0
132,38200,,,"Pierre Part, LA",Micropolitan Statistical Area,23421,23421,23367,23153,-54,-214,16,17,54,239,38,222,-70,-231,1,4,-71,-235,0,0
132,38200,,22007,"Assumption Parish, LA",County or equivalent,23421,23421,23367,23153,-54,-214,16,17,54,239,38,222,-70,-231,1,4,-71,-235,0,0
138,,,,"Beckley-Oak Hill, WV",Combined Statistical Area,124898,124898,124904,124826,6,-78,-23,-151,379,1524,402,1675,36,79,11,35,25,44,-7,-6
138,13220,,,"Beckley, WV",Micropolitan Statistical Area,78859,78859,78896,79127,37,231,-6,-60,235,943,241,1003,46,291,7,23,39,268,-3,0
138,13220,,54081,"Raleigh County, WV",County or equivalent,78859,78859,78896,79127,37,231,-6,-60,235,943,241,1003,46,291,7,23,39,268,-3,0
138,36060,,,"Oak Hill, WV",Micropolitan Statistical Area,46039,46039,46008,45699,-31,-309,-17,-91,144,581,161,672,-10,-212,4,12,-14,-224,-4,-6
138,36060,,54019,"Fayette County, WV",County or equivalent,46039,46039,46008,45699,-31,-309,-17,-91,144,581,161,672,-10,-212,4,12,-14,-224,-4,-6
140,,,,"Bend-Prineville, OR",Combined Statistical Area,178711,178711,178833,181177,122,2344,158,628,498,1984,340,1356,-27,1714,48,195,-75,1519,-9,2
140,13460,,,"Bend, OR",Metropolitan Statistical Area,157733,157733,157932,160338,199,2406,163,619,446,1773,283,1154,46,1785,37,153,9,1632,-10,2
140,13460,,41017,"Deschutes County, OR",County or equivalent,157733,157733,157932,160338,199,2406,163,619,446,1773,283,1154,46,1785,37,153,9,1632,-10,2
140,39260,,,"Prineville, OR",Micropolitan Statistical Area,20978,20978,20901,20839,-77,-62,-5,9,52,211,57,202,-73,-71,11,42,-84,-113,1,0
140,39260,,41013,"Crook County, OR",County or equivalent,20978,20978,20901,20839,-77,-62,-5,9,52,211,57,202,-73,-71,11,42,-84,-113,1,0
142,,,,"Birmingham-Hoover-Cullman, AL",Combined Statistical Area,1208453,1208456,1209564,1212800,1108,3236,954,4445,3848,16244,2894,11799,155,-1187,444,1357,-289,-2544,-1,-22
142,13820,,,"Birmingham-Hoover, AL",Metropolitan Statistical Area,1128047,1128050,1129068,1132264,1018,3196,941,4421,3610,15283,2669,10862,74,-1207,411,1245,-337,-2452,3,-18
142,13820,,1007,"Bibb County, AL",County or equivalent,22915,22919,22880,22766,-39,-114,4,10,56,225,52,215,-44,-125,2,10,-46,-135,1,1
142,13820,,1009,"Blount County, AL",County or equivalent,57322,57322,57387,57677,65,290,32,134,170,690,138,556,36,160,27,110,9,50,-3,-4
142,13820,,1021,"Chilton County, AL",County or equivalent,43643,43642,43722,43895,80,173,27,132,135,569,108,437,54,43,10,52,44,-9,-1,-2
142,13820,,1073,"Jefferson County, AL",County or equivalent,658466,658466,658386,658931,-80,545,511,2653,2160,9452,1649,6799,-596,-2115,256,690,-852,-2805,5,7
142,13820,,1115,"St. Clair County, AL",County or equivalent,83593,83598,83835,84398,237,563,83,330,271,1096,188,766,154,242,15,58,139,184,0,-9
142,13820,,1117,"Shelby County, AL",County or equivalent,195085,195080,195858,197936,778,2078,327,1258,622,2441,295,1183,446,831,97,311,349,520,5,-11
142,13820,,1127,"Walker County, AL",County or equivalent,67023,67023,67000,66661,-23,-339,-43,-96,196,810,239,906,24,-243,4,14,20,-257,-4,0
142,18980,,,"Cullman, AL",Micropolitan Statistical Area,80406,80406,80496,80536,90,40,13,24,238,961,225,937,81,20,33,112,48,-92,-4,-4
142,18980,,1043,"Cullman County, AL",County or equivalent,80406,80406,80496,80536,90,40,13,24,238,961,225,937,81,20,33,112,48,-92,-4,-4
148,,,,"Boston-Worcester-Manchester, MA-RI-NH",Combined Statistical Area,7559060,7559060,7567225,7601061,8165,33836,6855,25563,21259,84161,14404,58598,1414,8580,5242,20546,-3828,-11966,-104,-307
148,14460,,,"Boston-Cambridge-Quincy, MA-NH",Metropolitan Statistical Area,4552402,4552402,4559372,4591112,6970,31740,4753,18143,13090,51666,8337,33523,2270,13867,3796,15494,-1526,-1627,-53,-270
148,14460,14484,,"Boston-Quincy, MA",Metropolitan Division,1887792,1887792,1890569,1903947,2777,13378,1944,7577,5467,21577,3523,14000,822,5903,1842,7319,-1020,-1416,11,-102
148,14460,14484,25021,"Norfolk County, MA",County or equivalent,670850,670850,672107,675436,1257,3329,436,1609,1778,6966,1342,5357,829,1757,344,1553,485,204,-8,-37
148,14460,14484,25023,"Plymouth County, MA",County or equivalent,494919,494919,495731,497579,812,1848,316,1207,1320,5181,1004,3974,511,671,228,768,283,-97,-15,-30
148,14460,14484,25025,"Suffolk County, MA",County or equivalent,722023,722023,722731,730932,708,8201,1192,4761,2369,9430,1177,4669,-518,3475,1270,4998,-1788,-1523,34,-35
148,14460,15764,,"Cambridge-Newton-Framingham, MA",Metropolitan Division,1503085,1503085,1505720,1518171,2635,12451,1798,6937,4470,17581,2672,10644,875,5613,1379,6062,-504,-449,-38,-99
148,14460,15764,25017,"Middlesex County, MA",County or equivalent,1503085,1503085,1505720,1518171,2635,12451,1798,6937,4470,17581,2672,10644,875,5613,1379,6062,-504,-449,-38,-99
148,14460,37764,,"Peabody, MA",Metropolitan Division,743159,743159,744484,748930,1325,4446,714,2532,2193,8653,1479,6121,631,1960,482,1962,149,-2,-20,-46
148,14460,37764,25009,"Essex County, MA",County or equivalent,743159,743159,744484,748930,1325,4446,714,2532,2193,8653,1479,6121,631,1960,482,1962,149,-2,-20,-46
148,14460,40484,,"Rockingham County-Strafford County, NH",Metropolitan Division,418366,418366,418599,420064,233,1465,297,1097,960,3855,663,2758,-58,391,93,151,-151,240,-6,-23
148,14460,40484,33015,"Rockingham County, NH",County or equivalent,295223,295223,295391,296207,168,816,182,628,639,2544,457,1916,-8,204,68,79,-76,125,-6,-16
148,14460,40484,33017,"Strafford County, NH",County or equivalent,123143,123143,123208,123857,65,649,115,469,321,1311,206,842,-50,187,25,72,-75,115,0,-7
148,18180,,,"Concord, NH",Micropolitan Statistical Area,146445,146445,146427,146579,-18,152,86,293,340,1381,254,1088,-103,-134,20,63,-123,-197,-1,-7
148,18180,,33013,"Merrimack County, NH",County or equivalent,146445,146445,146427,146579,-18,152,86,293,340,1381,254,1088,-103,-134,20,63,-123,-197,-1,-7
148,29060,,,"Laconia, NH",Micropolitan Statistical Area,60088,60088,60087,60223,-1,136,-16,-99,146,578,162,677,19,239,12,58,7,181,-4,-4
148,29060,,33001,"Belknap County, NH",County or equivalent,60088,60088,60087,60223,-1,136,-16,-99,146,578,162,677,19,239,12,58,7,181,-4,-4
148,31700,,,"Manchester-Nashua, NH",Metropolitan Statistical Area,400721,400721,400974,401696,253,722,457,1717,1107,4448,650,2731,-204,-1000,221,675,-425,-1675,0,5
148,31700,,33011,"Hillsborough County, NH",County or equivalent,400721,400721,400974,401696,253,722,457,1717,1107,4448,650,2731,-204,-1000,221,675,-425,-1675,0,5
148,39300,,,"Providence-New Bedford-Fall River, RI-MA",Metropolitan Statistical Area,1600852,1600852,1601065,1600224,213,-841,843,2940,4283,17019,3440,14079,-602,-3767,779,2487,-1381,-6254,-28,-14
148,39300,,25005,"Bristol County, MA",County or equivalent,548285,548285,548537,548922,252,385,329,1117,1522,6007,1193,4890,-65,-718,132,447,-197,-1165,-12,-14
148,39300,,44001,"Bristol County, RI",County or equivalent,49875,49875,49863,49800,-12,-63,-35,-149,98,361,133,510,26,87,11,24,15,63,-3,-1
148,39300,,44003,"Kent County, RI",County or equivalent,166158,166158,166069,165535,-89,-534,16,-48,403,1571,387,1619,-101,-483,45,116,-146,-599,-4,-3
148,39300,,44005,"Newport County, RI",County or equivalent,82888,82888,82847,82695,-41,-152,7,22,183,714,176,692,-46,-170,60,88,-106,-258,-2,-4
148,39300,,44007,"Providence County, RI",County or equivalent,626667,626667,626797,626709,130,-88,531,2086,1826,7419,1295,5333,-398,-2185,506,1736,-904,-3921,-3,11
148,39300,,44009,"Washington County, RI",County or equivalent,126979,126979,126952,126563,-27,-389,-5,-88,251,947,256,1035,-18,-298,25,76,-43,-374,-4,-3
148,49340,,,"Worcester, MA",Metropolitan Statistical Area,798552,798552,799300,801227,748,1927,732,2569,2293,9069,1561,6500,34,-625,414,1769,-380,-2394,-18,-17
148,49340,,25027,"Worcester County, MA",County or equivalent,798552,798552,799300,801227,748,1927,732,2569,2293,9069,1561,6500,34,-625,414,1769,-380,-2394,-18,-17
154,,,,"Brownsville-Harlingen-Raymondville, TX",Combined Statistical Area,428354,428354,430102,436218,1748,6116,1350,5806,1979,8276,629,2470,402,319,261,1198,141,-879,-4,-9
154,15180,,,"Brownsville-Harlingen, TX",Metropolitan Statistical Area,406220,406220,407928,414123,1708,6195,1300,5628,1897,7924,597,2296,411,579,260,1192,151,-613,-3,-12
154,15180,,48061,"Cameron County, TX",County or equivalent,406220,406220,407928,414123,1708,6195,1300,5628,1897,7924,597,2296,411,579,260,1192,151,-613,-3,-12
154,39700,,,"Raymondville, TX",Micropolitan Statistical Area,22134,22134,22174,22095,40,-79,50,178,82,352,32,174,-9,-260,1,6,-10,-266,-1,3
154,39700,,48489,"Willacy County, TX",County or equivalent,22134,22134,22174,22095,40,-79,50,178,82,352,32,174,-9,-260,1,6,-10,-266,-1,3
160,,,,"Buffalo-Niagara-Cattaraugus, NY",Combined Statistical Area,1215826,1215826,1215543,1213871,-283,-1672,214,320,3249,12820,3035,12500,-447,-1935,269,1216,-716,-3151,-50,-57
160,15380,,,"Buffalo-Niagara Falls, NY",Metropolitan Statistical Area,1135509,1135509,1135293,1134039,-216,-1254,172,176,3008,11868,2836,11692,-341,-1373,266,1185,-607,-2558,-47,-57
160,15380,,36029,"Erie County, NY",County or equivalent,919040,919040,918751,918028,-289,-723,162,218,2436,9625,2274,9407,-414,-891,231,1101,-645,-1992,-37,-50
160,15380,,36063,"Niagara County, NY",County or equivalent,216469,216469,216542,216011,73,-531,10,-42,572,2243,562,2285,73,-482,35,84,38,-566,-10,-7
160,36460,,,"Olean, NY",Micropolitan Statistical Area,80317,80317,80250,79832,-67,-418,42,144,241,952,199,808,-106,-562,3,31,-109,-593,-3,0
160,36460,,36009,"Cattaraugus County, NY",County or equivalent,80317,80317,80250,79832,-67,-418,42,144,241,952,199,808,-106,-562,3,31,-109,-593,-3,0
164,,,,"Cape Girardeau-Sikeston-Jackson, MO-IL",Combined Statistical Area,135466,135462,135660,136160,198,500,75,388,413,1712,338,1324,124,108,10,50,114,58,-1,4
164,16020,,,"Cape Girardeau-Jackson, MO-IL",Metropolitan Statistical Area,96275,96275,96442,97024,167,582,65,264,283,1160,218,896,101,315,9,42,92,273,1,3
164,16020,,17003,"Alexander County, IL",County or equivalent,8238,8238,8228,8036,-10,-192,17,2,26,110,9,108,-27,-196,1,4,-28,-200,0,2
164,16020,,29017,"Bollinger County, MO",County or equivalent,12363,12363,12341,12356,-22,15,-9,-5,32,135,41,140,-13,21,0,0,-13,21,0,-1
164,16020,,29031,"Cape Girardeau County, MO",County or equivalent,75674,75674,75873,76632,199,759,57,267,225,915,168,648,141,490,8,38,133,452,1,2
164,43460,,,"Sikeston, MO",Micropolitan Statistical Area,39191,39187,39218,39136,31,-82,10,124,130,552,120,428,23,-207,1,8,22,-215,-2,1
164,43460,,29201,"Scott County, MO",County or equivalent,39191,39187,39218,39136,31,-82,10,124,130,552,120,428,23,-207,1,8,22,-215,-2,1
166,,,,"Carbondale-Marion-Herrin, IL",Combined Statistical Area,126575,126580,126752,126987,172,235,67,257,353,1419,286,1162,107,-23,47,180,60,-203,-2,1
166,16060,,,"Carbondale, IL",Micropolitan Statistical Area,60218,60218,60355,60365,137,10,69,276,171,684,102,408,68,-268,44,162,24,-430,0,2
166,16060,,17077,"Jackson County, IL",County or equivalent,60218,60218,60355,60365,137,10,69,276,171,684,102,408,68,-268,44,162,24,-430,0,2
166,32060,,,"Marion-Herrin, IL",Micropolitan Statistical Area,66357,66362,66397,66622,35,225,-2,-19,182,735,184,754,39,245,3,18,36,227,-2,-1
166,32060,,17199,"Williamson County, IL",County or equivalent,66357,66362,66397,66622,35,225,-2,-19,182,735,184,754,39,245,3,18,36,227,-2,-1
172,,,,"Charlotte-Gastonia-Salisbury, NC-SC",Combined Statistical Area,2402623,2402623,2409154,2442564,6531,33410,3434,14089,7800,31976,4366,17887,3096,19221,1355,5129,1741,14092,1,100
172,10620,,,"Albemarle, NC",Micropolitan Statistical Area,60585,60585,60583,60626,-2,43,8,63,162,693,154,630,-8,-17,15,67,-23,-84,-2,-3
172,10620,,37167,"Stanly County, NC",County or equivalent,60585,60585,60583,60626,-2,43,8,63,162,693,154,630,-8,-17,15,67,-23,-84,-2,-3
172,16740,,,"Charlotte-Gastonia-Rock Hill, NC-SC",Metropolitan Statistical Area,1758038,1758038,1763969,1795472,5931,31503,3208,13038,6031,24619,2823,11581,2709,18359,1204,4581,1505,13778,14,106
172,16740,,37007,"Anson County, NC",County or equivalent,26948,26948,26914,26609,-34,-305,20,-3,64,269,44,272,-54,-305,0,0,-54,-305,0,3
172,16740,,37025,"Cabarrus County, NC",County or equivalent,178011,178011,178558,181468,547,2910,249,1034,576,2382,327,1348,299,1867,99,352,200,1515,-1,9
172,16740,,37071,"Gaston County, NC",County or equivalent,206086,206086,206196,207031,110,835,111,545,632,2597,521,2052,2,303,82,269,-80,34,-3,-13
172,16740,,37119,"Mecklenburg County, NC",County or equivalent,919628,919628,923141,944373,3513,21232,2157,8798,3408,13971,1251,5173,1354,12351,828,3312,526,9039,2,83
172,16740,,37179,"Union County, NC",County or equivalent,201292,201292,202201,205463,909,3262,357,1361,612,2456,255,1095,543,1892,106,361,437,1531,9,9
172,16740,,45091,"York County, SC",County or equivalent,226073,226073,226959,230528,886,3569,314,1303,739,2944,425,1641,565,2251,89,287,476,1964,7,15
172,16900,,,"Chester, SC",Micropolitan Statistical Area,33140,33140,33121,32916,-19,-205,12,31,101,416,89,385,-31,-237,5,27,-36,-264,0,1
172,16900,,45023,"Chester County, SC",County or equivalent,33140,33140,33121,32916,-19,-205,12,31,101,416,89,385,-31,-237,5,27,-36,-264,0,1
172,29580,,,"Lancaster, SC",Micropolitan Statistical Area,76652,76652,76962,77908,310,946,44,191,224,900,180,709,270,762,20,80,250,682,-4,-7
172,29580,,45057,"Lancaster County, SC",County or equivalent,76652,76652,76962,77908,310,946,44,191,224,900,180,709,270,762,20,80,250,682,-4,-7
172,30740,,,"Lincolnton, NC",Micropolitan Statistical Area,78265,78265,78390,78932,125,542,17,125,189,817,172,692,109,418,23,93,86,325,-1,-1
172,30740,,37109,"Lincoln County, NC",County or equivalent,78265,78265,78390,78932,125,542,17,125,189,817,172,692,109,418,23,93,86,325,-1,-1
172,41580,,,"Salisbury, NC",Micropolitan Statistical Area,138428,138428,138344,138019,-84,-325,18,146,370,1574,352,1428,-101,-474,39,125,-140,-599,-1,3
172,41580,,37159,"Rowan County, NC",County or equivalent,138428,138428,138344,138019,-84,-325,18,146,370,1574,352,1428,-101,-474,39,125,-140,-599,-1,3
172,43140,,,"Shelby, NC",Micropolitan Statistical Area,98078,98078,98019,97489,-59,-530,12,12,280,1134,268,1122,-69,-546,4,18,-73,-564,-2,4
172,43140,,37045,"Cleveland County, NC",County or equivalent,98078,98078,98019,97489,-59,-530,12,12,280,1134,268,1122,-69,-546,4,18,-73,-564,-2,4
172,44380,,,"Statesville-Mooresville, NC",Micropolitan Statistical Area,159437,159437,159766,161202,329,1436,115,483,443,1823,328,1340,217,956,45,138,172,818,-3,-3
172,44380,,37097,"Iredell County, NC",County or equivalent,159437,159437,159766,161202,329,1436,115,483,443,1823,328,1340,217,956,45,138,172,818,-3,-3
174,,,,"Chattanooga-Cleveland-Athens, TN-GA",Combined Statistical Area,696197,696197,697419,702714,1222,5295,312,1383,2019,8147,1707,6764,917,3908,143,459,774,3449,-7,4
174,11940,,,"Athens, TN",Micropolitan Statistical Area,52266,52266,52234,52508,-32,274,-18,-43,136,554,154,597,-11,319,12,39,-23,280,-3,-2
174,11940,,47107,"McMinn County, TN",County or equivalent,52266,52266,52234,52508,-32,274,-18,-43,136,554,154,597,-11,319,12,39,-23,280,-3,-2
174,16860,,,"Chattanooga, TN-GA",Metropolitan Statistical Area,528143,528143,529222,533372,1079,4150,287,1186,1556,6264,1269,5078,794,2956,105,303,689,2653,-2,8
174,16860,,13047,"Catoosa County, GA",County or equivalent,63942,63942,64000,64530,58,530,37,212,173,739,136,527,22,317,9,28,13,289,-1,1
174,16860,,13083,"Dade County, GA",County or equivalent,16633,16633,16615,16570,-18,-45,-5,-13,33,152,38,165,-13,-31,0,3,-13,-34,0,-1
174,16860,,13295,"Walker County, GA",County or equivalent,68756,68756,68883,68848,127,-35,-5,-4,174,712,179,716,133,-27,3,14,130,-41,-1,-4
174,16860,,47065,"Hamilton County, TN",County or equivalent,336463,336463,337307,340855,844,3548,245,966,1051,4174,806,3208,597,2567,91,249,506,2318,2,15
174,16860,,47115,"Marion County, TN",County or equivalent,28237,28237,28290,28223,53,-67,11,27,86,337,75,310,43,-93,0,2,43,-95,-1,-1
174,16860,,47153,"Sequatchie County, TN",County or equivalent,14112,14112,14127,14346,15,219,4,-2,39,150,35,152,12,223,2,7,10,216,-1,-2
174,17420,,,"Cleveland, TN",Metropolitan Statistical Area,115788,115788,115963,116834,175,871,43,240,327,1329,284,1089,134,633,26,117,108,516,-2,-2
174,17420,,47011,"Bradley County, TN",County or equivalent,98963,98963,99131,100055,168,924,59,277,284,1156,225,879,111,646,24,109,87,537,-2,1
174,17420,,47139,"Polk County, TN",County or equivalent,16825,16825,16832,16779,7,-53,-16,-37,43,173,59,210,23,-13,2,8,21,-21,0,-3
176,,,,"Chicago-Naperville-Michigan City, IL-IN-WI",Combined Statistical Area,9686021,9686021,9697574,9729825,11553,32251,16328,62078,33097,130875,16769,68797,-4822,-29997,6080,24571,-10902,-54568,47,170
176,16980,,,"Chicago-Joliet-Naperville, IL-IN-WI",Metropolitan Statistical Area,9461105,9461105,9472584,9504753,11479,32169,16148,61483,32384,128052,16236,66569,-4720,-29486,6046,24422,-10766,-53908,51,172
176,16980,16974,,"Chicago-Joliet-Naperville, IL",Metropolitan Division,7883147,7883147,7892945,7922566,9798,29621,14024,53386,27384,108307,13360,54921,-4274,-23895,5312,22340,-9586,-46235,48,130
176,16980,16974,17031,"Cook County, IL",County or equivalent,5194675,5194675,5199971,5217080,5296,17109,9093,34588,18693,73996,9600,39408,-3831,-17585,4083,17208,-7914,-34793,34,106
176,16980,16974,17037,"DeKalb County, IL",County or equivalent,105160,105160,105186,104743,26,-443,156,633,331,1303,175,670,-136,-1092,63,231,-199,-1323,6,16
176,16980,16974,17043,"DuPage County, IL",County or equivalent,916924,916924,917942,923222,1018,5280,1309,4913,2690,10583,1381,5670,-283,408,440,2425,-723,-2017,-8,-41
176,16980,16974,17063,"Grundy County, IL",County or equivalent,50063,50063,50127,50130,64,3,75,315,172,690,97,375,-11,-314,10,32,-21,-346,0,2
176,16980,16974,17089,"Kane County, IL",County or equivalent,515269,515269,516378,520271,1109,3893,1261,4718,1905,7556,644,2838,-162,-833,332,1135,-494,-1968,10,8
176,16980,16974,17093,"Kendall County, IL",County or equivalent,114736,114736,115239,116631,503,1392,335,1274,438,1713,103,439,163,122,23,86,140,36,5,-4
176,16980,16974,17111,"McHenry County, IL",County or equivalent,308760,308760,309229,308944,469,-285,497,1885,921,3607,424,1722,-29,-2193,141,313,-170,-2506,1,23
176,16980,16974,17197,"Will County, IL",County or equivalent,677560,677560,678873,681545,1313,2672,1298,5060,2234,8859,936,3799,15,-2408,220,910,-205,-3318,0,20
176,16980,23844,,"Gary, IN",Metropolitan Division,708070,708070,708464,708672,394,208,637,2369,2243,8837,1606,6468,-234,-2164,159,309,-393,-2473,-9,3
176,16980,23844,18073,"Jasper County, IN",County or equivalent,33478,33478,33528,33416,50,-112,29,81,98,392,69,311,22,-195,4,10,18,-205,-1,2
176,16980,23844,18089,"Lake County, IN",County or equivalent,496005,496005,496130,495558,125,-572,513,1934,1667,6553,1154,4619,-383,-2510,135,225,-518,-2735,-5,4
176,16980,23844,18111,"Newton County, IN",County or equivalent,14244,14244,14258,14161,14,-97,-10,-17,31,133,41,150,25,-80,1,4,24,-84,-1,0
176,16980,23844,18127,"Porter County, IN",County or equivalent,164343,164343,164548,165537,205,989,105,371,447,1759,342,1388,102,621,19,70,83,551,-2,-3
176,16980,29404,,"Lake County-Kenosha County, IL-WI",Metropolitan Division,869888,869888,871175,873515,1287,2340,1487,5728,2757,10908,1270,5180,-212,-3427,575,1773,-787,-5200,12,39
176,16980,29404,17097,"Lake County, IL",County or equivalent,703462,703462,704492,706222,1030,1730,1233,4791,2215,8782,982,3991,-218,-3103,529,1610,-747,-4713,15,42
176,16980,29404,55059,"Kenosha County, WI",County or equivalent,166426,166426,166683,167293,257,610,254,937,542,2126,288,1189,6,-324,46,163,-40,-487,-3,-3
176,28100,,,"Kankakee-Bradley, IL",Metropolitan Statistical Area,113449,113449,113511,113698,62,187,114,405,374,1493,260,1088,-50,-216,22,89,-72,-305,-2,-2
176,28100,,17091,"Kankakee County, IL",County or equivalent,113449,113449,113511,113698,62,187,114,405,374,1493,260,1088,-50,-216,22,89,-72,-305,-2,-2
176,33140,,,"Michigan City-La Porte, IN",Metropolitan Statistical Area,111467,111467,111479,111374,12,-105,66,190,339,1330,273,1140,-52,-295,12,60,-64,-355,-2,0
176,33140,,18091,"LaPorte County, IN",County or equivalent,111467,111467,111479,111374,12,-105,66,190,339,1330,273,1140,-52,-295,12,60,-64,-355,-2,0
178,,,,"Cincinnati-Middletown-Wilmington, OH-KY-IN",Combined Statistical Area,2172191,2172191,2174318,2179965,2127,5647,2808,10726,7324,29076,4516,18350,-678,-5072,624,2183,-1302,-7255,-3,-7
178,17140,,,"Cincinnati-Middletown, OH-KY-IN",Metropolitan Statistical Area,2130151,2130151,2132415,2138038,2264,5623,2784,10624,7193,28550,4409,17926,-515,-4997,619,2152,-1134,-7149,-5,-4
178,17140,,18029,"Dearborn County, IN",County or equivalent,50047,50047,50090,50113,43,23,43,166,138,556,95,390,2,-142,5,19,-3,-161,-2,-1
178,17140,,18047,"Franklin County, IN",County or equivalent,23087,23087,23074,23041,-13,-33,11,41,59,233,48,192,-25,-73,0,-2,-25,-71,1,-1
178,17140,,18115,"Ohio County, IN",County or equivalent,6128,6128,6111,6065,-17,-46,6,-17,14,57,8,74,-24,-29,0,0,-24,-29,1,0
178,17140,,21015,"Boone County, KY",County or equivalent,118811,118811,119314,121737,503,2423,226,951,429,1710,203,759,275,1463,79,275,196,1188,2,9
178,17140,,21023,"Bracken County, KY",County or equivalent,8488,8488,8506,8513,18,7,13,9,27,117,14,108,4,0,0,0,4,0,1,-2
178,17140,,21037,"Campbell County, KY",County or equivalent,90336,90336,90534,90940,198,406,107,407,308,1232,201,825,91,5,8,33,83,-28,0,-6
178,17140,,21077,"Gallatin County, KY",County or equivalent,8589,8589,8613,8612,24,-1,30,53,35,135,5,82,-6,-53,2,7,-8,-60,0,-1
178,17140,,21081,"Grant County, KY",County or equivalent,24662,24662,24689,24816,27,127,33,147,91,365,58,218,-6,-18,1,7,-7,-25,0,-2
178,17140,,21117,"Kenton County, KY",County or equivalent,159720,159721,159897,160406,176,509,297,1159,623,2463,326,1304,-119,-648,41,131,-160,-779,-2,-2
178,17140,,21191,"Pendleton County, KY",County or equivalent,14877,14876,14912,14698,36,-214,11,47,49,204,38,157,26,-264,0,0,26,-264,-1,3
178,17140,,39015,"Brown County, OH",County or equivalent,44846,44846,44856,44687,10,-169,15,80,131,527,116,447,-3,-248,0,0,-3,-248,-2,-1
178,17140,,39017,"Butler County, OH",County or equivalent,368130,368130,368832,369999,702,1167,487,1808,1208,4786,721,2978,221,-639,157,448,64,-1087,-6,-2
178,17140,,39025,"Clermont County, OH",County or equivalent,197363,197363,197768,199139,405,1371,251,1043,622,2494,371,1451,162,344,32,69,130,275,-8,-16
178,17140,,39061,"Hamilton County, OH",County or equivalent,802374,802374,801948,800362,-426,-1586,946,3574,2797,11081,1851,7507,-1381,-5188,223,966,-1604,-6154,9,28
178,17140,,39165,"Warren County, OH",County or equivalent,212693,212693,213271,214910,578,1639,308,1156,662,2590,354,1434,268,493,71,199,197,294,2,-10
178,48940,,,"Wilmington, OH",Micropolitan Statistical Area,42040,42040,41903,41927,-137,24,24,102,131,526,107,424,-163,-75,5,31,-168,-106,2,-3
178,48940,,39027,"Clinton County, OH",County or equivalent,42040,42040,41903,41927,-137,24,24,102,131,526,107,424,-163,-75,5,31,-168,-106,2,-3
180,,,,"Claremont-Lebanon, NH-VT",Combined Statistical Area,218466,218466,218443,218057,-23,-386,47,103,487,1913,440,1810,-57,-485,42,178,-99,-663,-13,-4
180,17200,,,"Claremont, NH",Micropolitan Statistical Area,43742,43742,43724,43462,-18,-262,10,29,109,407,99,378,-25,-292,1,13,-26,-305,-3,1
180,17200,,33019,"Sullivan County, NH",County or equivalent,43742,43742,43724,43462,-18,-262,10,29,109,407,99,378,-25,-292,1,13,-26,-305,-3,1
180,30100,,,"Lebanon, NH-VT",Micropolitan Statistical Area,174724,174724,174719,174595,-5,-124,37,74,378,1506,341,1432,-32,-193,41,165,-73,-358,-10,-5
180,30100,,33009,"Grafton County, NH",County or equivalent,89118,89118,89122,88923,4,-199,31,88,187,767,156,679,-22,-287,33,116,-55,-403,-5,0
180,30100,,50017,"Orange County, VT",County or equivalent,28936,28936,28954,29006,18,52,3,6,63,247,60,241,17,48,2,16,15,32,-2,-2
180,30100,,50027,"Windsor County, VT",County or equivalent,56670,56670,56643,56666,-27,23,3,-20,128,492,125,512,-27,46,6,33,-33,13,-3,-3
184,,,,"Cleveland-Akron-Elyria, OH",Combined Statistical Area,2881937,2881937,2879875,2871084,-2062,-8791,1336,4484,8185,32257,6849,27773,-3368,-13290,617,2362,-3985,-15652,-30,15
184,10420,,,"Akron, OH",Metropolitan Statistical Area,703200,703200,702868,701456,-332,-1412,310,1028,1945,7686,1635,6658,-631,-2433,127,414,-758,-2847,-11,-7
184,10420,,39133,"Portage County, OH",County or equivalent,161419,161419,161381,161624,-38,243,65,237,385,1514,320,1277,-101,14,26,117,-127,-103,-2,-8
184,10420,,39153,"Summit County, OH",County or equivalent,541781,541781,541487,539832,-294,-1655,245,791,1560,6172,1315,5381,-530,-2447,101,297,-631,-2744,-9,1
184,11780,,,"Ashtabula, OH",Micropolitan Statistical Area,101497,101497,101467,101345,-30,-122,34,112,303,1200,269,1088,-61,-232,13,52,-74,-284,-3,-2
184,11780,,39007,"Ashtabula County, OH",County or equivalent,101497,101497,101467,101345,-30,-122,34,112,303,1200,269,1088,-61,-232,13,52,-74,-284,-3,-2
184,17460,,,"Cleveland-Elyria-Mentor, OH",Metropolitan Statistical Area,2077240,2077240,2075540,2068283,-1700,-7257,992,3344,5937,23371,4945,20027,-2676,-10625,477,1896,-3153,-12521,-16,24
184,17460,,39035,"Cuyahoga County, OH",County or equivalent,1280122,1280122,1278000,1270294,-2122,-7706,573,1862,3823,15077,3250,13215,-2703,-9624,331,1639,-3034,-11263,8,56
184,17460,,39055,"Geauga County, OH",County or equivalent,93389,93389,93379,93228,-10,-151,42,162,221,867,179,705,-50,-313,5,34,-55,-347,-2,0
184,17460,,39085,"Lake County, OH",County or equivalent,230041,230041,230054,229885,13,-169,29,42,590,2301,561,2259,-7,-200,66,107,-73,-307,-9,-11
184,17460,,39093,"Lorain County, OH",County or equivalent,301356,301356,301526,301614,170,88,205,725,847,3333,642,2608,-24,-626,46,50,-70,-676,-11,-11
184,17460,,39103,"Medina County, OH",County or equivalent,172332,172332,172581,173262,249,681,143,553,456,1793,313,1240,108,138,29,66,79,72,-2,-10
188,,,,"Clovis-Portales, NM",Combined Statistical Area,68222,68222,68998,70095,776,1097,187,650,299,1179,112,529,574,446,56,110,518,336,15,1
188,17580,,,"Clovis, NM",Micropolitan Statistical Area,48376,48376,48960,49649,584,689,143,515,221,873,78,358,430,175,49,81,381,94,11,-1
188,17580,,35009,"Curry County, NM",County or equivalent,48376,48376,48960,49649,584,689,143,515,221,873,78,358,430,175,49,81,381,94,11,-1
188,38780,,,"Portales, NM",Micropolitan Statistical Area,19846,19846,20038,20446,192,408,44,135,78,306,34,171,144,271,7,29,137,242,4,2
188,38780,,35041,"Roosevelt County, NM",County or equivalent,19846,19846,20038,20446,192,408,44,135,78,306,34,171,144,271,7,29,137,242,4,2
192,,,,"Columbia-Newberry, SC",Combined Statistical Area,805106,805112,807535,814837,2423,7302,1035,3890,2578,10287,1543,6397,1375,3413,477,1186,898,2227,13,-1
192,17900,,,"Columbia, SC",Metropolitan Statistical Area,767598,767604,769947,777116,2343,7169,1007,3787,2451,9771,1444,5984,1321,3381,452,1098,869,2283,15,1
192,17900,,45017,"Calhoun County, SC",County or equivalent,15175,15181,15141,15145,-40,4,22,-21,40,152,18,173,-63,25,0,-1,-63,26,1,0
192,17900,,45039,"Fairfield County, SC",County or equivalent,23956,23956,23878,23571,-78,-307,-4,-45,57,239,61,284,-74,-265,2,4,-76,-269,0,3
192,17900,,45055,"Kershaw County, SC",County or equivalent,61697,61697,61859,62273,162,414,29,114,190,754,161,640,133,300,17,59,116,241,0,0
192,17900,,45063,"Lexington County, SC",County or equivalent,262391,262394,263460,267129,1066,3669,367,1439,869,3445,502,2006,691,2221,123,367,568,1854,8,9
192,17900,,45079,"Richland County, SC",County or equivalent,384504,384501,385683,389116,1182,3433,560,2219,1234,4917,674,2698,616,1226,297,623,319,603,6,-12
192,17900,,45081,"Saluda County, SC",County or equivalent,19875,19875,19926,19882,51,-44,33,81,61,264,28,183,18,-126,13,46,5,-172,0,1
192,35140,,,"Newberry, SC",Micropolitan Statistical Area,37508,37508,37588,37721,80,133,28,103,127,516,99,413,54,32,25,88,29,-56,-2,-2
192,35140,,45071,"Newberry County, SC",County or equivalent,37508,37508,37588,37721,80,133,28,103,127,516,99,413,54,32,25,88,29,-56,-2,-2
194,,,,"Columbus-Auburn-Opelika, GA-AL",Combined Statistical Area,456564,456564,457958,466089,1394,8131,644,2235,1573,6056,929,3821,730,5816,301,500,429,5316,20,80
194,12220,,,"Auburn-Opelika, AL",Metropolitan Statistical Area,140247,140247,140784,143468,537,2684,205,696,418,1536,213,840,325,1966,73,269,252,1697,7,22
194,12220,,1081,"Lee County, AL",County or equivalent,140247,140247,140784,143468,537,2684,205,696,418,1536,213,840,325,1966,73,269,252,1697,7,22
194,17980,,,"Columbus, GA-AL",Metropolitan Statistical Area,294865,294865,295639,301439,774,5800,449,1587,1099,4285,650,2698,314,4158,227,225,87,3933,11,55
194,17980,,1113,"Russell County, AL",County or equivalent,52947,52947,53207,54572,260,1365,46,-164,192,411,146,575,209,1506,8,14,201,1492,5,23
194,17980,,13053,"Chattahoochee County, GA",County or equivalent,11267,11267,11138,11749,-129,611,50,120,50,148,0,28,-186,485,76,28,-262,457,7,6
194,17980,,13145,"Harris County, GA",County or equivalent,32024,32024,32161,32265,137,104,17,29,75,297,58,268,118,75,5,10,113,65,2,0
194,17980,,13197,"Marion County, GA",County or equivalent,8742,8742,8762,8746,20,-16,13,27,20,109,7,82,7,-44,4,17,3,-61,0,1
194,17980,,13215,"Muscogee County, GA",County or equivalent,189885,189885,190371,194107,486,3736,323,1575,762,3320,439,1745,166,2136,134,156,32,1980,-3,25
194,46260,,,"Tuskegee, AL",Micropolitan Statistical Area,21452,21452,21535,21182,83,-353,-10,-48,56,235,66,283,91,-308,1,6,90,-314,2,3
194,46260,,1087,"Macon County, AL",County or equivalent,21452,21452,21535,21182,83,-353,-10,-48,56,235,66,283,91,-308,1,6,90,-314,2,3
198,,,,"Columbus-Marion-Chillicothe, OH",Combined Statistical Area,2071052,2071052,2075270,2093185,4218,17915,3313,12955,7238,28683,3925,15728,889,5023,823,3413,66,1610,16,-63
198,17060,,,"Chillicothe, OH",Micropolitan Statistical Area,78064,78064,78135,78249,71,114,51,146,231,911,180,765,23,-28,4,18,19,-46,-3,-4
198,17060,,39141,"Ross County, OH",County or equivalent,78064,78064,78135,78249,71,114,51,146,231,911,180,765,23,-28,4,18,19,-46,-3,-4
198,18140,,,"Columbus, OH",Metropolitan Statistical Area,1836536,1836536,1840584,1858464,4048,17880,3165,12390,6511,25789,3346,13399,860,5548,805,3329,55,2219,23,-58
198,18140,,39041,"Delaware County, OH",County or equivalent,174214,174214,175238,178341,1024,3103,326,1263,546,2131,220,868,681,1825,40,129,641,1696,17,15
198,18140,,39045,"Fairfield County, OH",County or equivalent,146156,146156,146381,147066,225,685,142,542,420,1660,278,1118,85,150,12,51,73,99,-2,-7
198,18140,,39049,"Franklin County, OH",County or equivalent,1163414,1163414,1165789,1178799,2375,13010,2429,9406,4524,17962,2095,8556,-68,3653,718,3021,-786,632,14,-49
198,18140,,39089,"Licking County, OH",County or equivalent,166492,166492,166727,167248,235,521,140,564,502,1976,362,1412,98,-34,11,22,87,-56,-3,-9
198,18140,,39097,"Madison County, OH",County or equivalent,43435,43435,43444,43401,9,-43,18,126,120,487,102,361,-8,-167,6,25,-14,-192,-1,-2
198,18140,,39117,"Morrow County, OH",County or equivalent,34827,34827,34825,34855,-2,30,16,91,96,379,80,288,-16,-61,3,11,-19,-72,-2,0
198,18140,,39129,"Pickaway County, OH",County or equivalent,55698,55698,55810,55990,112,180,20,73,143,573,123,500,91,110,0,3,91,107,1,-3
198,18140,,39159,"Union County, OH",County or equivalent,52300,52300,52370,52764,70,394,74,325,160,621,86,296,-3,72,15,67,-18,5,-1,-3
198,32020,,,"Marion, OH",Micropolitan Statistical Area,66501,66501,66477,66212,-24,-265,31,150,206,822,175,672,-54,-417,5,23,-59,-440,-1,2
198,32020,,39101,"Marion County, OH",County or equivalent,66501,66501,66477,66212,-24,-265,31,150,206,822,175,672,-54,-417,5,23,-59,-440,-1,2
198,34540,,,"Mount Vernon, OH",Micropolitan Statistical Area,60921,60921,61016,61275,95,259,37,152,187,743,150,591,59,111,2,8,57,103,-1,-4
198,34540,,39083,"Knox County, OH",County or equivalent,60921,60921,61016,61275,95,259,37,152,187,743,150,591,59,111,2,8,57,103,-1,-4
198,47920,,,"Washington Court House, OH",Micropolitan Statistical Area,29030,29030,29058,28985,28,-73,29,117,103,418,74,301,1,-191,7,35,-6,-226,-2,1
198,47920,,39047,"Fayette County, OH",County or equivalent,29030,29030,29058,28985,28,-73,29,117,103,418,74,301,1,-191,7,35,-6,-226,-2,1
200,,,,"Columbus-West Point, MS",Combined Statistical Area,80413,80413,80401,80127,-12,-274,81,294,244,1053,163,759,-93,-570,23,37,-116,-607,0,2
200,18060,,,"Columbus, MS",Micropolitan Statistical Area,59779,59779,59818,59671,39,-147,55,265,188,804,133,539,-16,-415,22,36,-38,-451,0,3
200,18060,,28087,"Lowndes County, MS",County or equivalent,59779,59779,59818,59671,39,-147,55,265,188,804,133,539,-16,-415,22,36,-38,-451,0,3
200,48500,,,"West Point, MS",Micropolitan Statistical Area,20634,20634,20583,20456,-51,-127,26,29,56,249,30,220,-77,-155,1,1,-78,-156,0,-1
200,48500,,28025,"Clay County, MS",County or equivalent,20634,20634,20583,20456,-51,-127,26,29,56,249,30,220,-77,-155,1,1,-78,-156,0,-1
202,,,,"Corbin-London, KY",Combined Statistical Area,94486,94486,94637,95178,151,541,43,223,293,1225,250,1002,108,324,10,46,98,278,0,-6
202,18340,,,"Corbin, KY",Micropolitan Statistical Area,35637,35637,35637,35823,0,186,3,69,115,501,112,432,-1,121,3,16,-4,105,-2,-4
202,18340,,21235,"Whitley County, KY",County or equivalent,35637,35637,35637,35823,0,186,3,69,115,501,112,432,-1,121,3,16,-4,105,-2,-4
202,30940,,,"London, KY",Micropolitan Statistical Area,58849,58849,59000,59355,151,355,40,154,178,724,138,570,109,203,7,30,102,173,2,-2
202,30940,,21125,"Laurel County, KY",County or equivalent,58849,58849,59000,59355,151,355,40,154,178,724,138,570,109,203,7,30,102,173,2,-2
204,,,,"Corpus Christi-Kingsville, TX",Combined Statistical Area,460662,460662,460683,464014,21,3331,696,2858,1621,6562,925,3704,-685,480,222,450,-907,30,10,-7
204,18580,,,"Corpus Christi, TX",Metropolitan Statistical Area,428185,428185,428145,431381,-40,3236,621,2566,1485,6016,864,3450,-670,679,194,365,-864,314,9,-9
204,18580,,48007,"Aransas County, TX",County or equivalent,23158,23156,23151,23374,-5,223,-18,-61,63,266,81,327,16,283,6,24,10,259,-3,1
204,18580,,48355,"Nueces County, TX",County or equivalent,340223,340223,340373,343281,150,2908,537,2144,1171,4741,634,2597,-391,777,144,298,-535,479,4,-13
204,18580,,48409,"San Patricio County, TX",County or equivalent,64804,64806,64621,64726,-185,105,102,483,251,1009,149,526,-295,-381,44,43,-339,-424,8,3
204,28780,,,"Kingsville, TX",Micropolitan Statistical Area,32477,32477,32538,32633,61,95,75,292,136,546,61,254,-15,-199,28,85,-43,-284,1,2
204,28780,,48261,"Kenedy County, TX",County or equivalent,416,416,419,437,3,18,1,7,1,7,0,0,2,12,0,0,2,12,0,-1
204,28780,,48273,"Kleberg County, TX",County or equivalent,32061,32061,32119,32196,58,77,74,285,135,539,61,254,-17,-211,28,85,-45,-296,1,3
206,,,,"Dallas-Fort Worth, TX",Combined Statistical Area,6731317,6731317,6760635,6887383,29318,126748,16048,63844,25908,104086,9860,40242,12983,62706,5573,23774,7410,38932,287,198
206,11980,,,"Athens, TX",Micropolitan Statistical Area,78532,78531,78702,78826,171,124,-12,-80,223,897,235,977,184,209,32,99,152,110,-1,-5
206,11980,,48213,"Henderson County, TX",County or equivalent,78532,78531,78702,78826,171,124,-12,-80,223,897,235,977,184,209,32,99,152,110,-1,-5
206,14300,,,"Bonham, TX",Micropolitan Statistical Area,33915,33915,33926,33958,11,32,-19,-69,94,375,113,444,32,105,11,45,21,60,-2,-4
206,14300,,48147,"Fannin County, TX",County or equivalent,33915,33915,33926,33958,11,32,-19,-69,94,375,113,444,32,105,11,45,21,60,-2,-4
206,19100,,,"Dallas-Fort Worth-Arlington, TX",Metropolitan Statistical Area,6371773,6371774,6400511,6526548,28737,126037,15960,63504,24829,99733,8869,36229,12477,62312,5441,23291,7036,39021,300,221
206,19100,19124,,"Dallas-Plano-Irving, TX",Metropolitan Division,4235751,4235752,4255890,4345790,20138,89900,11058,43816,16661,66862,5603,23046,8823,45895,4087,17484,4736,28411,257,189
206,19100,19124,48085,"Collin County, TX",County or equivalent,782341,782341,788511,812226,6170,23715,1880,7377,2638,10433,758,3056,4194,16183,628,2790,3566,13393,96,155
206,19100,19124,48113,"Dallas County, TX",County or equivalent,2368139,2368139,2375207,2416014,7068,40807,6789,27420,10282,41569,3493,14149,207,13485,2854,12349,-2647,1136,72,-98
206,19100,19124,48119,"Delta County, TX",County or equivalent,5231,5231,5256,5212,25,-44,6,-2,13,60,7,62,19,-43,3,8,16,-51,0,1
206,19100,19124,48121,"Denton County, TX",County or equivalent,662614,662614,667138,686406,4524,19268,1694,6397,2315,9121,621,2724,2772,12754,460,1792,2312,10962,58,117
206,19100,19124,48139,"Ellis County, TX",County or equivalent,149610,149610,150459,152753,849,2294,298,1113,532,2127,234,1014,540,1182,43,172,497,1010,11,-1
206,19100,19124,48231,"Hunt County, TX",County or equivalent,86129,86129,86359,86531,230,172,64,240,265,1084,201,844,166,-65,28,103,138,-168,0,-3
206,19100,19124,48257,"Kaufman County, TX",County or equivalent,103350,103351,103940,105358,589,1418,172,675,363,1488,191,813,406,738,35,121,371,617,11,5
206,19100,19124,48397,"Rockwall County, TX",County or equivalent,78337,78337,79020,81290,683,2270,155,596,253,980,98,384,519,1661,36,149,483,1512,9,13
206,19100,23104,,"Fort Worth-Arlington, TX",Metropolitan Division,2136022,2136022,2144621,2180758,8599,36137,4902,19688,8168,32871,3266,13183,3654,16417,1354,5807,2300,10610,43,32
206,19100,23104,48251,"Johnson County, TX",County or equivalent,150934,150934,151330,152734,396,1404,269,1027,538,2151,269,1124,130,388,53,209,77,179,-3,-11
206,19100,23104,48367,"Parker County, TX",County or equivalent,116927,116927,117321,118376,394,1055,122,464,330,1340,208,876,271,594,20,69,251,525,1,-3
206,19100,23104,48439,"Tarrant County, TX",County or equivalent,1809034,1809039,1816850,1849815,7811,32965,4444,17931,7111,28624,2667,10693,3323,14991,1268,5490,2055,9501,44,43
206,19100,23104,48497,"Wise County, TX",County or equivalent,59127,59122,59120,59833,-2,713,67,266,189,756,122,490,-70,444,13,39,-83,405,1,3
206,23620,,,"Gainesville, TX",Micropolitan Statistical Area,38437,38437,38438,38396,1,-42,18,102,127,510,109,408,-16,-144,19,75,-35,-219,-1,0
206,23620,,48097,"Cooke County, TX",County or equivalent,38437,38437,38438,38396,1,-42,18,102,127,510,109,408,-16,-144,19,75,-35,-219,-1,0
206,24180,,,"Granbury, TX",Micropolitan Statistical Area,59672,59672,59859,60121,187,262,10,11,160,645,150,634,183,257,15,54,168,203,-6,-6
206,24180,,48221,"Hood County, TX",County or equivalent,51182,51182,51353,51670,171,317,4,21,140,560,136,539,171,302,13,51,158,251,-4,-6
206,24180,,48425,"Somervell County, TX",County or equivalent,8490,8490,8506,8451,16,-55,6,-10,20,85,14,95,12,-45,2,3,10,-48,-2,0
206,33420,,,"Mineral Wells, TX",Micropolitan Statistical Area,28111,28111,28105,28115,-6,10,9,58,94,384,85,326,-15,-46,13,53,-28,-99,0,-2
206,33420,,48363,"Palo Pinto County, TX",County or equivalent,28111,28111,28105,28115,-6,10,9,58,94,384,85,326,-15,-46,13,53,-28,-99,0,-2
206,43300,,,"Sherman-Denison, TX",Metropolitan Statistical Area,120877,120877,121094,121419,217,325,82,318,381,1542,299,1224,138,13,42,157,96,-144,-3,-6
206,43300,,48181,"Grayson County, TX",County or equivalent,120877,120877,121094,121419,217,325,82,318,381,1542,299,1224,138,13,42,157,96,-144,-3,-6
212,,,,"Dayton-Springfield-Greenville, OH",Combined Statistical Area,1072891,1072891,1073340,1075683,449,2343,674,2460,3271,13040,2597,10580,-173,-68,237,556,-410,-624,-52,-49
212,19380,,,"Dayton, OH",Metropolitan Statistical Area,841502,841502,842131,845388,629,3257,620,2215,2579,10254,1959,8039,54,1095,218,476,-164,619,-45,-53
212,19380,,39057,"Greene County, OH",County or equivalent,161573,161573,161607,162846,34,1239,137,459,443,1731,306,1272,-103,779,52,102,-155,677,0,1
212,19380,,39109,"Miami County, OH",County or equivalent,102506,102506,102490,102857,-16,367,78,276,300,1196,222,920,-93,97,12,60,-105,37,-1,-6
212,19380,,39113,"Montgomery County, OH",County or equivalent,535153,535153,535819,537602,666,1783,392,1417,1719,6847,1327,5430,316,414,149,288,167,126,-42,-48
212,19380,,39135,"Preble County, OH",County or equivalent,42270,42270,42215,42083,-55,-132,13,63,117,480,104,417,-66,-195,5,26,-71,-221,-2,0
212,24820,,,"Greenville, OH",Micropolitan Statistical Area,52959,52959,52993,52809,34,-184,25,108,169,678,144,570,13,-294,4,19,9,-313,-4,2
212,24820,,39037,"Darke County, OH",County or equivalent,52959,52959,52993,52809,34,-184,25,108,169,678,144,570,13,-294,4,19,9,-313,-4,2
212,44220,,,"Springfield, OH",Metropolitan Statistical Area,138333,138333,138206,137691,-127,-515,20,75,415,1674,395,1599,-143,-589,14,50,-157,-639,-4,-1
212,44220,,39023,"Clark County, OH",County or equivalent,138333,138333,138206,137691,-127,-515,20,75,415,1674,395,1599,-143,-589,14,50,-157,-639,-4,-1
212,46500,,,"Urbana, OH",Micropolitan Statistical Area,40097,40097,40010,39795,-87,-215,9,62,108,434,99,372,-97,-280,1,11,-98,-291,1,3
212,46500,,39021,"Champaign County, OH",County or equivalent,40097,40097,40010,39795,-87,-215,9,62,108,434,99,372,-97,-280,1,11,-98,-291,1,3
216,,,,"Denver-Aurora-Boulder, CO",Combined Statistical Area,3090874,3090874,3103979,3157520,13105,53541,5999,24015,10377,41882,4378,17867,7004,29340,1861,6198,5143,23142,102,186
216,14500,,,"Boulder, CO",Metropolitan Statistical Area,294567,294567,295169,299378,602,4209,391,1556,762,3066,371,1510,216,2647,214,691,2,1956,-5,6
216,14500,,8013,"Boulder County, CO",County or equivalent,294567,294567,295169,299378,602,4209,391,1556,762,3066,371,1510,216,2647,214,691,2,1956,-5,6
216,19740,,,"Denver-Aurora-Broomfield, CO",Metropolitan Statistical Area,2543482,2543482,2554569,2599504,11087,44935,5001,19997,8668,35028,3667,15031,5996,24769,1538,5204,4458,19565,90,169
216,19740,,8001,"Adams County, CO",County or equivalent,441603,441603,443673,451443,2070,7770,1182,4668,1764,7016,582,2348,867,3086,262,916,605,2170,21,16
216,19740,,8005,"Arapahoe County, CO",County or equivalent,572003,572153,574929,584948,2776,10019,1101,4368,1943,7681,842,3313,1645,5615,459,1436,1186,4179,30,36
216,19740,,8014,"Broomfield County, CO",County or equivalent,55889,55889,56113,57352,224,1239,112,418,179,686,67,268,114,819,16,66,98,753,-2,2
216,19740,,8019,"Clear Creek County, CO",County or equivalent,9088,9088,9119,9012,31,-107,15,7,18,63,3,56,16,-114,1,4,15,-118,0,0
216,19740,,8031,"Denver County, CO",County or equivalent,600158,600008,603440,619968,3432,16528,1352,5896,2396,10167,1044,4271,2041,10521,580,2240,1461,8281,39,111
216,19740,,8035,"Douglas County, CO",County or equivalent,285465,285465,286984,292167,1519,5183,674,2642,891,3506,217,864,829,2529,90,168,739,2361,16,12
216,19740,,8039,"Elbert County, CO",County or equivalent,23086,23086,23119,23174,33,55,27,72,39,176,12,104,7,-17,2,9,5,-26,-1,0
216,19740,,8047,"Gilpin County, CO",County or equivalent,5441,5441,5467,5467,26,0,11,31,12,49,1,18,16,-32,2,4,14,-36,-1,1
216,19740,,8059,"Jefferson County, CO",County or equivalent,534543,534543,535455,539884,912,4429,510,1859,1397,5564,887,3705,415,2579,122,348,293,2231,-13,-9
216,19740,,8093,"Park County, CO",County or equivalent,16206,16206,16270,16089,64,-181,17,36,29,120,12,84,46,-217,4,13,42,-230,1,0
216,24540,,,"Greeley, CO",Metropolitan Statistical Area,252825,252825,254241,258638,1416,4397,607,2462,947,3788,340,1326,792,1924,109,303,683,1621,17,11
216,24540,,8123,"Weld County, CO",County or equivalent,252825,252825,254241,258638,1416,4397,607,2462,947,3788,340,1326,792,1924,109,303,683,1621,17,11
218,,,,"Des Moines-Newton-Pella, IA",Combined Statistical Area,639784,639784,642015,650137,2231,8122,1128,4363,2249,9079,1121,4716,1090,3743,273,902,817,2841,13,16
218,19780,,,"Des Moines-West Des Moines, IA",Metropolitan Statistical Area,569633,569633,571938,580255,2305,8317,1120,4279,2059,8304,939,4025,1170,4020,262,869,908,3151,15,18
218,19780,,19049,"Dallas County, IA",County or equivalent,66135,66135,66673,69444,538,2771,171,660,256,1006,85,346,358,2081,21,69,337,2012,9,30
218,19780,,19077,"Guthrie County, IA",County or equivalent,10954,10954,10959,10901,5,-58,-1,-28,19,100,20,128,8,-30,3,13,5,-43,-2,0
218,19780,,19121,"Madison County, IA",County or equivalent,15679,15679,15733,15779,54,46,11,34,49,197,38,163,43,14,0,0,43,14,0,-2
218,19780,,19153,"Polk County, IA",County or equivalent,430640,430640,432256,437399,1616,5143,906,3484,1606,6482,700,2998,701,1669,236,782,465,887,9,-10
218,19780,,19181,"Warren County, IA",County or equivalent,46225,46225,46317,46732,92,415,33,129,129,519,96,390,60,286,2,5,58,281,-1,0
218,35500,,,"Newton, IA",Micropolitan Statistical Area,36842,36842,36816,36547,-26,-269,4,28,101,390,97,362,-27,-298,3,12,-30,-310,-3,1
218,35500,,19099,"Jasper County, IA",County or equivalent,36842,36842,36816,36547,-26,-269,4,28,101,390,97,362,-27,-298,3,12,-30,-310,-3,1
218,37800,,,"Pella, IA",Micropolitan Statistical Area,33309,33309,33261,33335,-48,74,4,56,89,385,85,329,-53,21,8,21,-61,0,1,-3
218,37800,,19125,"Marion County, IA",County or equivalent,33309,33309,33261,33335,-48,74,4,56,89,385,85,329,-53,21,8,21,-61,0,1,-3
220,,,,"Detroit-Warren-Flint, MI",Combined Statistical Area,5218852,5218849,5213036,5207434,-5813,-5602,4233,14989,15422,60613,11189,45624,-10210,-20704,1868,8758,-12078,-29462,164,113
220,11460,,,"Ann Arbor, MI",Metropolitan Statistical Area,344791,344791,345250,347962,459,2712,480,1723,953,3696,473,1973,-29,1004,361,1205,-390,-201,8,-15
220,11460,,26161,"Washtenaw County, MI",County or equivalent,344791,344791,345250,347962,459,2712,480,1723,953,3696,473,1973,-29,1004,361,1205,-390,-201,8,-15
220,19820,,,"Detroit-Warren-Livonia, MI",Metropolitan Statistical Area,4296250,4296247,4290722,4285832,-5525,-4890,3316,11734,12727,50037,9411,38303,-8978,-16702,1438,7468,-10416,-24170,137,78
220,19820,19804,,"Detroit-Livonia-Dearborn, MI",Metropolitan Division,1820584,1820584,1815246,1802096,-5338,-13150,1719,6206,6051,23853,4332,17647,-7188,-19530,557,3053,-7745,-22583,131,174
220,19820,19804,26163,"Wayne County, MI",County or equivalent,1820584,1820584,1815246,1802096,-5338,-13150,1719,6206,6051,23853,4332,17647,-7188,-19530,557,3053,-7745,-22583,131,174
220,19820,47644,,"Warren-Troy-Farmington Hills, MI",Metropolitan Division,2475666,2475663,2475476,2483736,-187,8260,1597,5528,6676,26184,5079,20656,-1790,2828,881,4415,-2671,-1587,6,-96
220,19820,47644,26087,"Lapeer County, MI",County or equivalent,88319,88316,88189,88082,-127,-107,24,79,206,818,182,739,-153,-184,12,52,-165,-236,2,-2
220,19820,47644,26093,"Livingston County, MI",County or equivalent,180967,180967,180931,181722,-36,791,107,390,407,1603,300,1213,-145,407,17,11,-162,396,2,-6
220,19820,47644,26099,"Macomb County, MI",County or equivalent,840978,840978,840944,842145,-34,1201,421,1367,2295,9036,1874,7669,-443,-133,141,945,-584,-1078,-12,-33
220,19820,47644,26125,"Oakland County, MI",County or equivalent,1202362,1202362,1202682,1210145,320,7463,999,3559,3343,13022,2344,9463,-687,3970,700,3389,-1387,581,8,-66
220,19820,47644,26147,"St. Clair County, MI",County or equivalent,163040,163040,162730,161642,-310,-1088,46,133,425,1705,379,1572,-362,-1232,11,18,-373,-1250,6,11
220,22420,,,"Flint, MI",Metropolitan Statistical Area,425790,425790,425100,422080,-690,-3020,329,1120,1321,5222,992,4102,-1038,-4185,54,35,-1092,-4220,19,45
220,22420,,26049,"Genesee County, MI",County or equivalent,425790,425790,425100,422080,-690,-3020,329,1120,1321,5222,992,4102,-1038,-4185,54,35,-1092,-4220,19,45
220,33780,,,"Monroe, MI",Metropolitan Statistical Area,152021,152021,151964,151560,-57,-404,108,412,421,1658,313,1246,-165,-821,15,50,-180,-871,0,5
220,33780,,26115,"Monroe County, MI",County or equivalent,152021,152021,151964,151560,-57,-404,108,412,421,1658,313,1246,-165,-821,15,50,-180,-871,0,5
222,,,,"Dothan-Enterprise-Ozark, AL",Combined Statistical Area,245838,245838,246415,247132,577,717,154,708,777,3240,623,2532,426,13,104,234,322,-221,-3,-4
222,20020,,,"Dothan, AL",Metropolitan Statistical Area,145639,145639,145905,146562,266,657,51,286,441,1815,390,1529,217,378,17,86,200,292,-2,-7
222,20020,,1061,"Geneva County, AL",County or equivalent,26790,26790,26828,26781,38,-47,-9,-50,76,281,85,331,47,5,2,8,45,-3,0,-2
222,20020,,1067,"Henry County, AL",County or equivalent,17302,17302,17308,17412,6,104,-8,-30,37,173,45,203,15,134,8,29,7,105,-1,0
222,20020,,1069,"Houston County, AL",County or equivalent,101547,101547,101769,102369,222,600,68,366,328,1361,260,995,155,239,7,49,148,190,-1,-5
222,21460,,,"Enterprise-Ozark, AL",Micropolitan Statistical Area,100199,100199,100510,100570,311,60,103,422,336,1425,233,1003,209,-365,87,148,122,-513,-1,3
222,21460,,1031,"Coffee County, AL",County or equivalent,49948,49948,50167,50526,219,359,48,203,170,702,122,499,169,160,40,88,129,72,2,-4
222,21460,,1045,"Dale County, AL",County or equivalent,50251,50251,50343,50044,92,-299,55,219,166,723,111,504,40,-525,47,60,-7,-585,-3,7
232,,,,"Eau Claire-Menomonie, WI",Combined Statistical Area,205008,205008,205314,206628,306,1314,214,818,596,2332,382,1514,96,500,19,101,77,399,-4,-4
232,20740,,,"Eau Claire, WI",Metropolitan Statistical Area,161151,161151,161399,162657,248,1258,169,657,483,1883,314,1226,82,604,18,91,64,513,-3,-3
232,20740,,55017,"Chippewa County, WI",County or equivalent,62415,62415,62522,62778,107,256,49,216,187,738,138,522,58,43,3,25,55,18,0,-3
232,20740,,55035,"Eau Claire County, WI",County or equivalent,98736,98736,98877,99879,141,1002,120,441,296,1145,176,704,24,561,15,66,9,495,-3,0
232,32860,,,"Menomonie, WI",Micropolitan Statistical Area,43857,43857,43915,43971,58,56,45,161,113,449,68,288,14,-104,1,10,13,-114,-1,-1
232,32860,,55033,"Dunn County, WI",County or equivalent,43857,43857,43915,43971,58,56,45,161,113,449,68,288,14,-104,1,10,13,-114,-1,-1
242,,,,"Fairmont-Clarksburg, WV",Combined Statistical Area,150614,150614,150779,151109,165,330,-47,-118,423,1700,470,1818,216,456,10,36,206,420,-4,-8
242,17220,,,"Clarksburg, WV",Micropolitan Statistical Area,94196,94196,94298,94523,102,225,-29,-78,265,1067,294,1145,134,309,2,6,132,303,-3,-6
242,17220,,54017,"Doddridge County, WV",County or equivalent,8202,8202,8188,8171,-14,-17,3,-4,17,73,14,77,-16,-11,0,0,-16,-11,-1,-2
242,17220,,54033,"Harrison County, WV",County or equivalent,69099,69099,69212,69436,113,224,-22,-75,201,804,223,879,136,303,2,5,134,298,-1,-4
242,17220,,54091,"Taylor County, WV",County or equivalent,16895,16895,16898,16916,3,18,-10,1,47,190,57,189,14,17,0,1,14,16,-1,0
242,21900,,,"Fairmont, WV",Micropolitan Statistical Area,56418,56418,56481,56586,63,105,-18,-40,158,633,176,673,82,147,8,30,74,117,-1,-2
242,21900,,54049,"Marion County, WV",County or equivalent,56418,56418,56481,56586,63,105,-18,-40,158,633,176,673,82,147,8,30,74,117,-1,-2
244,,,,"Fargo-Wahpeton, ND-MN",Combined Statistical Area,231674,231674,232324,235008,650,2684,448,1683,819,3210,371,1527,206,1005,90,308,116,697,-4,-4
244,22020,,,"Fargo, ND-MN",Metropolitan Statistical Area,208777,208777,209408,212171,631,2763,419,1651,753,2942,334,1291,214,1113,88,304,126,809,-2,-1
244,22020,,27027,"Clay County, MN",County or equivalent,58999,58999,59145,59803,146,658,89,367,200,787,111,420,57,290,4,31,53,259,0,1
244,22020,,38017,"Cass County, ND",County or equivalent,149778,149778,150263,152368,485,2105,330,1284,553,2155,223,871,157,823,84,273,73,550,-2,-2
244,47420,,,"Wahpeton, ND-MN",Micropolitan Statistical Area,22897,22897,22916,22837,19,-79,29,32,66,268,37,236,-8,-108,2,4,-10,-112,-2,-3
244,47420,,27167,"Wilkin County, MN",County or equivalent,6576,6576,6574,6592,-2,18,-3,-34,14,72,17,106,2,54,1,2,1,52,-1,-2
244,47420,,38077,"Richland County, ND",County or equivalent,16321,16321,16342,16245,21,-97,32,66,52,196,20,130,-10,-162,1,2,-11,-164,-1,-1
248,,,,"Findlay-Tiffin, OH",Combined Statistical Area,131527,131527,131375,131525,-152,150,98,379,396,1573,298,1194,-252,-224,14,78,-266,-302,2,-5
248,22300,,,"Findlay, OH",Micropolitan Statistical Area,74782,74782,74724,75056,-58,332,80,291,237,931,157,640,-139,46,13,75,-152,-29,1,-5
248,22300,,39063,"Hancock County, OH",County or equivalent,74782,74782,74724,75056,-58,332,80,291,237,931,157,640,-139,46,13,75,-152,-29,1,-5
248,45660,,,"Tiffin, OH",Micropolitan Statistical Area,56745,56745,56651,56469,-94,-182,18,88,159,642,141,554,-113,-270,1,3,-114,-273,1,0
248,45660,,39147,"Seneca County, OH",County or equivalent,56745,56745,56651,56469,-94,-182,18,88,159,642,141,554,-113,-270,1,3,-114,-273,1,0
252,,,,"Fond du Lac-Beaver Dam, WI",Combined Statistical Area,190392,190392,190415,190740,23,325,75,307,509,2019,434,1712,-45,28,37,154,-82,-126,-7,-10
252,13180,,,"Beaver Dam, WI",Micropolitan Statistical Area,88759,88759,88749,88661,-10,-88,2,13,217,865,215,852,-8,-98,4,41,-12,-139,-4,-3
252,13180,,55027,"Dodge County, WI",County or equivalent,88759,88759,88749,88661,-10,-88,2,13,217,865,215,852,-8,-98,4,41,-12,-139,-4,-3
252,22540,,,"Fond du Lac, WI",Metropolitan Statistical Area,101633,101633,101666,102079,33,413,73,294,292,1154,219,860,-37,126,33,113,-70,13,-3,-7
252,22540,,55039,"Fond du Lac County, WI",County or equivalent,101633,101633,101666,102079,33,413,73,294,292,1154,219,860,-37,126,33,113,-70,13,-3,-7
256,,,,"Fort Polk South-DeRidder, LA",Combined Statistical Area,87988,87988,88569,88236,581,-333,194,787,370,1484,176,697,378,-1138,102,78,276,-1216,9,18
256,19760,,,"DeRidder, LA",Micropolitan Statistical Area,35654,35654,35854,36129,200,275,36,148,125,501,89,353,159,128,5,16,154,112,5,-1
256,19760,,22011,"Beauregard Parish, LA",County or equivalent,35654,35654,35854,36129,200,275,36,148,125,501,89,353,159,128,5,16,154,112,5,-1
256,22860,,,"Fort Polk South, LA",Micropolitan Statistical Area,52334,52334,52715,52107,381,-608,158,639,245,983,87,344,219,-1266,97,62,122,-1328,4,19
256,22860,,22115,"Vernon Parish, LA",County or equivalent,52334,52334,52715,52107,381,-608,158,639,245,983,87,344,219,-1266,97,62,122,-1328,4,19
258,,,,"Fort Wayne-Huntington-Auburn, IN",Combined Statistical Area,611712,611712,612215,615077,503,2862,875,3624,2180,8653,1305,5029,-367,-742,134,364,-501,-1106,-5,-20
258,11420,,,"Angola, IN",Micropolitan Statistical Area,34185,34185,34140,34028,-45,-112,1,41,86,342,85,301,-46,-153,0,6,-46,-159,0,0
258,11420,,18151,"Steuben County, IN",County or equivalent,34185,34185,34140,34028,-45,-112,1,41,86,342,85,301,-46,-153,0,6,-46,-159,0,0
258,12140,,,"Auburn, IN",Micropolitan Statistical Area,42223,42223,42256,42462,33,206,38,183,134,548,96,365,-3,26,0,10,-3,16,-2,-3
258,12140,,18033,"DeKalb County, IN",County or equivalent,42223,42223,42256,42462,33,206,38,183,134,548,96,365,-3,26,0,10,-3,16,-2,-3
258,19540,,,"Decatur, IN",Micropolitan Statistical Area,34387,34387,34419,34370,32,-49,82,369,161,640,79,271,-50,-423,0,1,-50,-424,0,5
258,19540,,18001,"Adams County, IN",County or equivalent,34387,34387,34419,34370,32,-49,82,369,161,640,79,271,-50,-423,0,1,-50,-424,0,5
258,23060,,,"Fort Wayne, IN",Metropolitan Statistical Area,416257,416257,416790,419453,533,2663,708,2776,1539,6075,831,3299,-172,-93,125,311,-297,-404,-3,-20
258,23060,,18003,"Allen County, IN",County or equivalent,355329,355329,355786,358327,457,2541,655,2577,1357,5354,702,2777,-199,-18,121,288,-320,-306,1,-18
258,23060,,18179,"Wells County, IN",County or equivalent,27636,27636,27659,27734,23,75,21,80,82,321,61,241,5,-4,3,13,2,-17,-3,-1
258,23060,,18183,"Whitley County, IN",County or equivalent,33292,33292,33345,33392,53,47,32,119,100,400,68,281,22,-71,1,10,21,-81,-1,-1
258,26540,,,"Huntington, IN",Micropolitan Statistical Area,37124,37124,37105,37211,-19,106,-4,34,104,419,108,385,-14,75,1,7,-15,68,-1,-3
258,26540,,18069,"Huntington County, IN",County or equivalent,37124,37124,37105,37211,-19,106,-4,34,104,419,108,385,-14,75,1,7,-15,68,-1,-3
258,28340,,,"Kendallville, IN",Micropolitan Statistical Area,47536,47536,47505,47553,-31,48,50,221,156,629,106,408,-82,-174,8,29,-90,-203,1,1
258,28340,,18113,"Noble County, IN",County or equivalent,47536,47536,47505,47553,-31,48,50,221,156,629,106,408,-82,-174,8,29,-90,-203,1,1
260,,,,"Fresno-Madera, CA",Combined Statistical Area,1081315,1081315,1084636,1095829,3321,11193,2760,11293,4512,18334,1752,7041,564,-86,786,3084,-222,-3170,-3,-14
260,23420,,,"Fresno, CA",Metropolitan Statistical Area,930450,930450,933168,942904,2718,9736,2399,9797,3927,15958,1528,6161,321,-55,650,2584,-329,-2639,-2,-6
260,23420,,6019,"Fresno County, CA",County or equivalent,930450,930450,933168,942904,2718,9736,2399,9797,3927,15958,1528,6161,321,-55,650,2584,-329,-2639,-2,-6
260,31460,,,"Madera-Chowchilla, CA",Metropolitan Statistical Area,150865,150865,151468,152925,603,1457,361,1496,585,2376,224,880,243,-31,136,500,107,-531,-1,-8
260,31460,,6039,"Madera County, CA",County or equivalent,150865,150865,151468,152925,603,1457,361,1496,585,2376,224,880,243,-31,136,500,107,-531,-1,-8
266,,,,"Grand Rapids-Muskegon-Holland, MI",Combined Statistical Area,1321557,1321557,1322066,1328440,509,6374,2061,7731,4425,17370,2364,9639,-1579,-1325,316,1127,-1895,-2452,27,-32
266,10880,,,"Allegan, MI",Micropolitan Statistical Area,111408,111408,111521,111234,113,-287,175,613,366,1436,191,823,-60,-907,14,72,-74,-979,-2,7
266,10880,,26005,"Allegan County, MI",County or equivalent,111408,111408,111521,111234,113,-287,175,613,366,1436,191,823,-60,-907,14,72,-74,-979,-2,7
266,24340,,,"Grand Rapids-Wyoming, MI",Metropolitan Statistical Area,774160,774160,774397,779604,237,5207,1302,4972,2683,10571,1381,5599,-1090,272,226,900,-1316,-628,25,-37
266,24340,,26015,"Barry County, MI",County or equivalent,59173,59173,59062,58820,-111,-242,29,116,152,611,123,495,-142,-359,7,27,-149,-386,2,1
266,24340,,26067,"Ionia County, MI",County or equivalent,63905,63905,63898,63979,-7,81,64,256,180,729,116,473,-72,-174,3,23,-75,-197,1,-1
266,24340,,26081,"Kent County, MI",County or equivalent,602622,602622,603029,608453,407,5424,1189,4513,2212,8675,1023,4162,-803,946,209,819,-1012,127,21,-35
266,24340,,26123,"Newaygo County, MI",County or equivalent,48460,48460,48408,48352,-52,-56,20,87,139,556,119,469,-73,-141,7,31,-80,-172,1,-2
266,26100,,,"Holland-Grand Haven, MI",Metropolitan Statistical Area,263801,263801,264065,266300,264,2235,420,1559,811,3154,391,1595,-156,691,66,118,-222,573,0,-15
266,26100,,26139,"Ottawa County, MI",County or equivalent,263801,263801,264065,266300,264,2235,420,1559,811,3154,391,1595,-156,691,66,118,-222,573,0,-15
266,34740,,,"Muskegon-Norton Shores, MI",Metropolitan Statistical Area,172188,172188,172083,171302,-105,-781,164,587,565,2209,401,1622,-273,-1381,10,37,-283,-1418,4,13
266,34740,,26121,"Muskegon County, MI",County or equivalent,172188,172188,172083,171302,-105,-781,164,587,565,2209,401,1622,-273,-1381,10,37,-283,-1418,4,13
268,,,,"Greensboro--Winston-Salem--High Point, NC",Combined Statistical Area,1589200,1589197,1591789,1602693,2592,10904,1090,4906,4618,18936,3528,14030,1541,6021,904,3141,637,2880,-39,-23
268,15500,,,"Burlington, NC",Metropolitan Statistical Area,151131,151131,151532,153291,401,1759,85,412,449,1836,364,1424,320,1346,91,383,229,963,-4,1
268,15500,,37001,"Alamance County, NC",County or equivalent,151131,151131,151532,153291,401,1759,85,412,449,1836,364,1424,320,1346,91,383,229,963,-4,1
268,24660,,,"Greensboro-High Point, NC",Metropolitan Statistical Area,723801,723798,725192,730966,1394,5774,544,2326,2108,8593,1564,6267,860,3448,478,1554,382,1894,-10,0
268,24660,,37081,"Guilford County, NC",County or equivalent,488406,488406,489670,495279,1264,5609,508,2124,1472,5965,964,3841,757,3476,393,1248,364,2228,-1,9
268,24660,,37151,"Randolph County, NC",County or equivalent,141752,141752,141896,142358,144,462,73,284,403,1650,330,1366,76,187,58,213,18,-26,-5,-9
268,24660,,37157,"Rockingham County, NC",County or equivalent,93643,93640,93626,93329,-14,-297,-37,-82,233,978,270,1060,27,-215,27,93,0,-308,-4,0
268,34340,,,"Mount Airy, NC",Micropolitan Statistical Area,73673,73673,73716,73714,43,-2,-7,11,195,821,202,810,54,-10,28,104,26,-114,-4,-3
268,34340,,37171,"Surry County, NC",County or equivalent,73673,73673,73716,73714,43,-2,-7,11,195,821,202,810,54,-10,28,104,26,-114,-4,-3
268,45640,,,"Thomasville-Lexington, NC",Micropolitan Statistical Area,162878,162878,162873,162697,-5,-176,58,240,429,1766,371,1526,-58,-413,35,130,-93,-543,-5,-3
268,45640,,37057,"Davidson County, NC",County or equivalent,162878,162878,162873,162697,-5,-176,58,240,429,1766,371,1526,-58,-413,35,130,-93,-543,-5,-3
268,49180,,,"Winston-Salem, NC",Metropolitan Statistical Area,477717,477717,478476,482025,759,3549,410,1917,1437,5920,1027,4003,365,1650,272,970,93,680,-16,-18
268,49180,,37059,"Davie County, NC",County or equivalent,41240,41240,41331,41552,91,221,3,88,92,414,89,326,89,137,6,23,83,114,-1,-4
268,49180,,37067,"Forsyth County, NC",County or equivalent,350670,350670,351383,354952,713,3569,437,1858,1143,4680,706,2822,287,1722,253,904,34,818,-11,-11
268,49180,,37169,"Stokes County, NC",County or equivalent,47401,47401,47364,47242,-37,-122,-26,-54,105,422,131,476,-9,-67,4,17,-13,-84,-2,-1
268,49180,,37197,"Yadkin County, NC",County or equivalent,38406,38406,38398,38279,-8,-119,-4,25,97,404,101,379,-2,-142,9,26,-11,-168,-2,-2
273,,,,"Greenville-Spartanburg-Anderson, SC",Combined Statistical Area,1266995,1266995,1269760,1281394,2765,11634,1479,5867,4371,17559,2892,11692,1305,5788,569,1838,736,3950,-19,-21
273,11340,,,"Anderson, SC",Metropolitan Statistical Area,187126,187122,187282,188488,160,1206,72,361,561,2246,489,1885,96,845,42,140,54,705,-8,0
273,11340,,45007,"Anderson County, SC",County or equivalent,187126,187122,187282,188488,160,1206,72,361,561,2246,489,1885,96,845,42,140,54,705,-8,0
273,23500,,,"Gaffney, SC",Micropolitan Statistical Area,55342,55342,55416,55540,74,124,48,118,169,688,121,570,27,10,4,16,23,-6,-1,-4
273,23500,,45021,"Cherokee County, SC",County or equivalent,55342,55342,55416,55540,74,124,48,118,169,688,121,570,27,10,4,16,23,-6,-1,-4
273,24860,,,"Greenville-Mauldin-Easley, SC",Metropolitan Statistical Area,636986,636988,638968,647401,1980,8433,1065,4246,2400,9631,1335,5385,913,4184,393,1317,520,2867,2,3
273,24860,,45045,"Greenville County, SC",County or equivalent,451225,451222,453263,461299,2041,8036,1025,4053,1914,7654,889,3601,1012,3971,315,1041,697,2930,4,12
273,24860,,45059,"Laurens County, SC",County or equivalent,66537,66540,66523,66528,-17,5,19,77,204,840,185,763,-35,-71,20,64,-55,-135,-1,-1
273,24860,,45077,"Pickens County, SC",County or equivalent,119224,119226,119182,119574,-44,392,21,116,282,1137,261,1021,-64,284,58,212,-122,72,-1,-8
273,42860,,,"Seneca, SC",Micropolitan Statistical Area,74273,74275,74404,74418,129,14,1,-10,202,805,201,815,131,30,16,55,115,-25,-3,-6
273,42860,,45073,"Oconee County, SC",County or equivalent,74273,74275,74404,74418,129,14,1,-10,202,805,201,815,131,30,16,55,115,-25,-3,-6
273,43900,,,"Spartanburg, SC",Metropolitan Statistical Area,284307,284307,284792,286868,485,2076,292,1185,955,3845,663,2660,202,905,113,306,89,599,-9,-14
273,43900,,45083,"Spartanburg County, SC",County or equivalent,284307,284307,284792,286868,485,2076,292,1185,955,3845,663,2660,202,905,113,306,89,599,-9,-14
273,46420,,,"Union, SC",Micropolitan Statistical Area,28961,28961,28898,28679,-63,-219,1,-33,84,344,83,377,-64,-186,1,4,-65,-190,0,0
273,46420,,45087,"Union County, SC",County or equivalent,28961,28961,28898,28679,-63,-219,1,-33,84,344,83,377,-64,-186,1,4,-65,-190,0,0
274,,,,"Gulfport-Biloxi-Pascagoula, MS",Combined Statistical Area,411066,411066,412094,416301,1028,4207,411,1965,1307,5500,896,3535,616,2230,281,676,335,1554,1,12
274,25060,,,"Gulfport-Biloxi, MS",Metropolitan Statistical Area,248820,248820,249756,253511,936,3755,288,1340,812,3419,524,2079,644,2393,191,414,453,1979,4,22
274,25060,,28045,"Hancock County, MS",County or equivalent,43929,43929,44020,44649,91,629,10,87,105,462,95,375,81,536,11,35,70,501,0,6
274,25060,,28047,"Harrison County, MS",County or equivalent,187105,187105,187842,191040,737,3198,257,1200,656,2741,399,1541,477,1983,179,379,298,1604,3,15
274,25060,,28131,"Stone County, MS",County or equivalent,17786,17786,17894,17822,108,-72,21,53,51,216,30,163,86,-126,1,0,85,-126,1,1
274,37700,,,"Pascagoula, MS",Metropolitan Statistical Area,162246,162246,162338,162790,92,452,123,625,495,2081,372,1456,-28,-163,90,262,-118,-425,-3,-10
274,37700,,28039,"George County, MS",County or equivalent,22578,22578,22680,22889,102,209,23,133,88,367,65,234,79,77,3,13,76,64,0,-1
274,37700,,28059,"Jackson County, MS",County or equivalent,139668,139668,139658,139901,-10,243,100,492,407,1714,307,1222,-107,-240,87,249,-194,-489,-3,-9
276,,,,"Harrisburg-Carlisle-Lebanon, PA",Combined Statistical Area,683043,683048,684807,687222,1759,2415,436,1784,1975,7919,1539,6135,1316,665,253,784,1063,-119,7,-34
276,25420,,,"Harrisburg-Carlisle, PA",Metropolitan Statistical Area,549475,549475,551081,552911,1606,1830,375,1548,1575,6298,1200,4750,1217,305,214,630,1003,-325,14,-23
276,25420,,42041,"Cumberland County, PA",County or equivalent,235406,235408,236751,237892,1343,1141,75,308,583,2349,508,2041,1246,847,72,182,1174,665,22,-14
276,25420,,42043,"Dauphin County, PA",County or equivalent,268100,268100,268322,268977,222,655,267,1108,855,3409,588,2301,-40,-446,142,446,-182,-892,-5,-7
276,25420,,42099,"Perry County, PA",County or equivalent,45969,45967,46008,46042,41,34,33,132,137,540,104,408,11,-96,0,2,11,-98,-3,-2
276,30140,,,"Lebanon, PA",Metropolitan Statistical Area,133568,133573,133726,134311,153,585,61,236,400,1621,339,1385,99,360,39,154,60,206,-7,-11
276,30140,,42075,"Lebanon County, PA",County or equivalent,133568,133573,133726,134311,153,585,61,236,400,1621,339,1385,99,360,39,154,60,206,-7,-11
278,,,,"Hartford-West Hartford-Willimantic, CT",Combined Statistical Area,1330809,1330809,1330952,1331406,143,454,727,2704,3373,13474,2646,10770,-545,-2208,836,3254,-1381,-5462,-39,-42
278,25540,,,"Hartford-West Hartford-East Hartford, CT",Metropolitan Statistical Area,1212381,1212381,1212491,1213255,110,764,661,2493,3078,12329,2417,9836,-515,-1683,784,3066,-1299,-4749,-36,-46
278,25540,,9003,"Hartford County, CT",County or equivalent,894014,894014,894127,894705,113,578,537,2028,2403,9668,1866,7640,-398,-1423,660,2670,-1058,-4093,-26,-27
278,25540,,9007,"Middlesex County, CT",County or equivalent,165676,165676,165630,166043,-46,413,48,174,372,1472,324,1298,-90,251,79,253,-169,-2,-4,-12
278,25540,,9013,"Tolland County, CT",County or equivalent,152691,152691,152734,152507,43,-227,76,291,303,1189,227,898,-27,-511,45,143,-72,-654,-6,-7
278,48740,,,"Willimantic, CT",Micropolitan Statistical Area,118428,118428,118461,118151,33,-310,66,211,295,1145,229,934,-30,-525,52,188,-82,-713,-3,4
278,48740,,9015,"Windham County, CT",County or equivalent,118428,118428,118461,118151,33,-310,66,211,295,1145,229,934,-30,-525,52,188,-82,-713,-3,4
288,,,,"Houston-Baytown-Huntsville, TX",Combined Statistical Area,6051363,6051402,6081321,6191434,29919,110113,15867,64695,24299,99014,8432,34319,13843,45398,5953,24254,7890,21144,209,20
288,13060,,,"Bay City, TX",Micropolitan Statistical Area,36702,36702,36763,36809,61,46,53,152,128,515,75,363,10,-106,28,95,-18,-201,-2,0
288,13060,,48321,"Matagorda County, TX",County or equivalent,36702,36702,36763,36809,61,46,53,152,128,515,75,363,10,-106,28,95,-18,-201,-2,0
288,26420,,,"Houston-Sugar Land-Baytown, TX",Metropolitan Statistical Area,5946800,5946839,5976470,6086538,29631,110068,15770,64363,23999,97795,8229,33432,13655,45685,5911,24105,7744,21580,206,20
288,26420,,48015,"Austin County, TX",County or equivalent,28417,28424,28441,28665,17,224,14,99,92,372,78,273,4,125,13,55,-9,70,-1,0
288,26420,,48039,"Brazoria County, TX",County or equivalent,313166,313166,314635,319973,1469,5338,732,2988,1219,4946,487,1958,731,2347,137,416,594,1931,6,3
288,26420,,48071,"Chambers County, TX",County or equivalent,35096,35096,35315,35552,219,237,57,283,119,499,62,216,157,-45,5,23,152,-68,5,-1
288,26420,,48157,"Fort Bend County, TX",County or equivalent,585375,585377,590871,606953,5494,16082,1358,5683,1970,7952,612,2269,4032,10303,526,2071,3506,8232,104,96
288,26420,,48167,"Galveston County, TX",County or equivalent,291309,291309,292704,295747,1395,3043,467,1838,1034,4137,567,2299,909,1208,158,462,751,746,19,-3
288,26420,,48201,"Harris County, TX",County or equivalent,4092459,4092442,4109362,4180894,16920,71532,12084,49156,17515,71460,5431,22304,4820,22523,4629,19558,191,2965,16,-147
288,26420,,48291,"Liberty County, TX",County or equivalent,75643,75643,75907,76206,264,299,117,416,276,1126,159,710,145,-116,40,136,105,-252,2,-1
288,26420,,48339,"Montgomery County, TX",County or equivalent,455746,455761,459305,471734,3544,12429,847,3484,1555,6385,708,2901,2646,8872,357,1199,2289,7673,51,73
288,26420,,48407,"San Jacinto County, TX",County or equivalent,26384,26384,26466,26801,82,335,10,57,70,289,60,232,71,276,4,17,67,259,1,2
288,26420,,48473,"Waller County, TX",County or equivalent,43205,43237,43464,44013,227,549,84,359,149,629,65,270,140,192,42,168,98,24,3,-2
288,26660,,,"Huntsville, TX",Micropolitan Statistical Area,67861,67861,68088,68087,227,-1,44,180,172,704,128,524,178,-181,14,54,164,-235,5,0
288,26660,,48471,"Walker County, TX",County or equivalent,67861,67861,68088,68087,227,-1,44,180,172,704,128,524,178,-181,14,54,164,-235,5,0
290,,,,"Huntsville-Decatur, AL",Combined Statistical Area,571422,571422,573314,579550,1892,6236,580,2270,1705,6983,1125,4713,1296,3939,180,522,1116,3417,16,27
290,19460,,,"Decatur, AL",Metropolitan Statistical Area,153829,153829,153934,154070,105,136,96,319,443,1831,347,1512,15,-175,45,175,-30,-350,-6,-8
290,19460,,1079,"Lawrence County, AL",County or equivalent,34339,34339,34328,34117,-11,-211,-5,-17,80,359,85,376,-6,-195,3,14,-9,-209,0,1
290,19460,,1103,"Morgan County, AL",County or equivalent,119490,119490,119606,119953,116,347,101,336,363,1472,262,1136,21,20,42,161,-21,-141,-6,-9
290,26620,,,"Huntsville, AL",Metropolitan Statistical Area,417593,417593,419380,425480,1787,6100,484,1951,1262,5152,778,3201,1281,4114,135,347,1146,3767,22,35
290,26620,,1083,"Limestone County, AL",County or equivalent,82782,82782,83239,85369,457,2130,88,341,242,1000,154,659,361,1763,18,67,343,1696,8,26
290,26620,,1089,"Madison County, AL",County or equivalent,334811,334811,336141,340111,1330,3970,396,1610,1020,4152,624,2542,920,2351,117,280,803,2071,14,9
292,,,,"Idaho Falls-Blackfoot, ID",Combined Statistical Area,175981,175981,176579,178025,598,1446,556,2044,829,3213,273,1169,45,-599,37,147,8,-746,-3,1
292,13940,,,"Blackfoot, ID",Micropolitan Statistical Area,45607,45607,45742,45952,135,210,119,470,199,785,80,315,16,-261,8,33,8,-294,0,1
292,13940,,16011,"Bingham County, ID",County or equivalent,45607,45607,45742,45952,135,210,119,470,199,785,80,315,16,-261,8,33,8,-294,0,1
292,26820,,,"Idaho Falls, ID",Metropolitan Statistical Area,130374,130374,130837,132073,463,1236,437,1574,630,2428,193,854,29,-338,29,114,0,-452,-3,0
292,26820,,16019,"Bonneville County, ID",County or equivalent,104234,104234,104622,105772,388,1150,335,1187,505,1907,170,720,56,-35,29,100,27,-135,-3,-2
292,26820,,16051,"Jefferson County, ID",County or equivalent,26140,26140,26215,26301,75,86,102,387,125,521,23,134,-27,-303,0,14,-27,-317,0,2
294,,,,"Indianapolis-Anderson-Columbus, IN",Combined Statistical Area,2080782,2080782,2085459,2103574,4677,18115,3450,13586,7470,29714,4020,16128,1189,4498,863,3327,326,1171,38,31
294,11300,,,"Anderson, IN",Metropolitan Statistical Area,131636,131636,131652,131235,16,-417,68,209,400,1591,332,1382,-48,-629,6,26,-54,-655,-4,3
294,11300,,18095,"Madison County, IN",County or equivalent,131636,131636,131652,131235,16,-417,68,209,400,1591,332,1382,-48,-629,6,26,-54,-655,-4,3
294,18020,,,"Columbus, IN",Metropolitan Statistical Area,76794,76794,76897,77870,103,973,90,363,252,1010,162,647,14,610,76,290,-62,320,-1,0
294,18020,,18005,"Bartholomew County, IN",County or equivalent,76794,76794,76897,77870,103,973,90,363,252,1010,162,647,14,610,76,290,-62,320,-1,0
294,18820,,,"Crawfordsville, IN",Micropolitan Statistical Area,38124,38124,38101,38441,-23,340,20,126,122,497,102,371,-43,214,8,46,-51,168,0,0
294,18820,,18107,"Montgomery County, IN",County or equivalent,38124,38124,38101,38441,-23,340,20,126,122,497,102,371,-43,214,8,46,-51,168,0,0
294,26900,,,"Indianapolis-Carmel, IN",Metropolitan Statistical Area,1756241,1756241,1760826,1778568,4585,17742,3279,12827,6475,25734,3196,12907,1262,4893,771,2953,491,1940,44,22
294,26900,,18011,"Boone County, IN",County or equivalent,56640,56640,56827,57481,187,654,69,286,182,702,113,416,117,366,4,24,113,342,1,2
294,26900,,18013,"Brown County, IN",County or equivalent,15242,15242,15228,15099,-14,-129,7,-15,32,131,25,146,-18,-113,0,0,-18,-113,-3,-1
294,26900,,18057,"Hamilton County, IN",County or equivalent,274569,274569,276452,282810,1883,6358,669,2552,968,3797,299,1245,1186,3772,166,451,1020,3321,28,34
294,26900,,18059,"Hancock County, IN",County or equivalent,70002,70002,70239,70529,237,290,75,283,207,801,132,518,159,12,6,25,153,-13,3,-5
294,26900,,18063,"Hendricks County, IN",County or equivalent,145448,145448,145866,147979,418,2113,219,871,433,1742,214,871,197,1233,23,102,174,1131,2,9
294,26900,,18081,"Johnson County, IN",County or equivalent,139654,139654,140028,141656,374,1628,149,680,448,1805,299,1125,227,952,44,182,183,770,-2,-4
294,26900,,18097,"Marion County, IN",County or equivalent,903393,903393,904789,911296,1396,6507,2008,7792,3785,15097,1777,7305,-627,-1282,517,2119,-1144,-3401,15,-3
294,26900,,18109,"Morgan County, IN",County or equivalent,68894,68894,69103,69464,209,361,62,226,202,796,140,570,148,141,7,31,141,110,-1,-6
294,26900,,18133,"Putnam County, IN",County or equivalent,37963,37963,37928,37917,-35,-11,6,64,93,371,87,307,-41,-73,2,5,-43,-78,0,-2
294,26900,,18145,"Shelby County, IN",County or equivalent,44436,44436,44366,44337,-70,-29,15,88,125,492,110,404,-86,-115,2,14,-88,-129,1,-2
294,35220,,,"New Castle, IN",Micropolitan Statistical Area,49462,49462,49504,49264,42,-240,-14,-12,137,530,151,542,58,-230,1,5,57,-235,-2,2
294,35220,,18065,"Henry County, IN",County or equivalent,49462,49462,49504,49264,42,-240,-14,-12,137,530,151,542,58,-230,1,5,57,-235,-2,2
294,35860,,,"North Vernon, IN",Micropolitan Statistical Area,28525,28525,28479,28196,-46,-283,7,73,84,352,77,279,-54,-360,1,7,-55,-367,1,4
294,35860,,18079,"Jennings County, IN",County or equivalent,28525,28525,28479,28196,-46,-283,7,73,84,352,77,279,-54,-360,1,7,-55,-367,1,4
296,,,,"Ithaca-Cortland, NY",Combined Statistical Area,150900,150900,150978,151086,78,108,112,456,369,1452,257,996,-35,-354,153,577,-188,-931,1,6
296,18660,,,"Cortland, NY",Micropolitan Statistical Area,49336,49336,49324,49363,-12,39,25,133,140,542,115,409,-36,-93,7,30,-43,-123,-1,-1
296,18660,,36023,"Cortland County, NY",County or equivalent,49336,49336,49324,49363,-12,39,25,133,140,542,115,409,-36,-93,7,30,-43,-123,-1,-1
296,27060,,,"Ithaca, NY",Metropolitan Statistical Area,101564,101564,101654,101723,90,69,87,323,229,910,142,587,1,-261,146,547,-145,-808,2,7
296,27060,,36109,"Tompkins County, NY",County or equivalent,101564,101564,101654,101723,90,69,87,323,229,910,142,587,1,-261,146,547,-145,-808,2,7
297,,,,"Jackson-Humboldt, TN",Combined Statistical Area,165108,165108,165178,165331,70,153,105,450,519,2117,414,1667,-35,-300,21,103,-56,-403,0,3
297,26480,,,"Humboldt, TN",Micropolitan Statistical Area,49683,49683,49701,49935,18,234,-6,-55,144,595,150,650,25,288,3,11,22,277,-1,1
297,26480,,47053,"Gibson County, TN",County or equivalent,49683,49683,49701,49935,18,234,-6,-55,144,595,150,650,25,288,3,11,22,277,-1,1
297,27180,,,"Jackson, TN",Metropolitan Statistical Area,115425,115425,115477,115396,52,-81,111,505,375,1522,264,1017,-60,-588,18,92,-78,-680,1,2
297,27180,,47023,"Chester County, TN",County or equivalent,17131,17131,17157,17141,26,-16,4,31,44,179,40,148,21,-46,0,1,21,-47,1,-1
297,27180,,47113,"Madison County, TN",County or equivalent,98294,98294,98320,98255,26,-65,107,474,331,1343,224,869,-81,-542,18,91,-99,-633,0,3
298,,,,"Jackson-Yazoo City, MS",Combined Statistical Area,567122,567122,568093,573280,971,5187,694,3133,1884,7938,1190,4805,282,2050,112,384,170,1666,-5,4
298,27140,,,"Jackson, MS",Metropolitan Statistical Area,539057,539057,540072,545394,1015,5322,648,2983,1793,7534,1145,4551,373,2336,110,380,263,1956,-6,3
298,27140,,28029,"Copiah County, MS",County or equivalent,29449,29449,29413,29247,-36,-166,18,93,87,391,69,298,-54,-261,8,27,-62,-288,0,2
298,27140,,28049,"Hinds County, MS",County or equivalent,245285,245285,245557,248184,272,2627,345,1583,849,3557,504,1974,-67,1044,48,158,-115,886,-6,0
298,27140,,28089,"Madison County, MS",County or equivalent,95203,95203,95553,96941,350,1388,27,276,294,1289,267,1013,325,1115,28,114,297,1001,-2,-3
298,27140,,28121,"Rankin County, MS",County or equivalent,141617,141617,142049,143702,432,1653,233,931,479,1914,246,983,196,718,20,63,176,655,3,4
298,27140,,28127,"Simpson County, MS",County or equivalent,27503,27503,27500,27320,-3,-180,25,100,84,383,59,283,-27,-280,6,18,-33,-298,-1,0
298,49540,,,"Yazoo City, MS",Micropolitan Statistical Area,28065,28065,28021,27886,-44,-135,46,150,91,404,45,254,-91,-286,2,4,-93,-290,1,1
298,49540,,28163,"Yazoo County, MS",County or equivalent,28065,28065,28021,27886,-44,-135,46,150,91,404,45,254,-91,-286,2,4,-93,-290,1,1
304,,,,"Johnson City-Kingsport-Bristol (Tri-Cities), TN-VA",Combined Statistical Area,508260,508260,508593,509611,333,1018,-144,-536,1276,5102,1420,5638,498,1575,65,252,433,1323,-21,-21
304,27740,,,"Johnson City, TN",Metropolitan Statistical Area,198716,198716,198974,199818,258,844,-21,-53,521,2056,542,2109,282,905,37,148,245,757,-3,-8
304,27740,,47019,"Carter County, TN",County or equivalent,57424,57424,57342,57185,-82,-157,-41,-116,140,559,181,675,-38,-36,5,24,-43,-60,-3,-5
304,27740,,47171,"Unicoi County, TN",County or equivalent,18313,18313,18274,18280,-39,6,-30,-108,38,157,68,265,-8,115,6,28,-14,87,-1,-1
304,27740,,47179,"Washington County, TN",County or equivalent,122979,122979,123358,124353,379,995,50,171,343,1340,293,1169,328,826,26,96,302,730,1,-2
304,28700,,,"Kingsport-Bristol-Bristol, TN-VA",Metropolitan Statistical Area,309544,309544,309619,309793,75,174,-123,-483,755,3046,878,3529,216,670,28,104,188,566,-18,-13
304,28700,,47073,"Hawkins County, TN",County or equivalent,56833,56833,56867,56671,34,-196,-15,-81,140,569,155,650,52,-114,6,27,46,-141,-3,-1
304,28700,,47163,"Sullivan County, TN",County or equivalent,156823,156823,156855,157419,32,564,-50,-173,388,1558,438,1731,92,742,14,39,78,703,-10,-5
304,28700,,51169,"Scott County, VA",County or equivalent,23177,23177,23171,23126,-6,-45,-22,-93,55,212,77,305,19,50,3,15,16,35,-3,-2
304,28700,,51191,"Washington County, VA",County or equivalent,54876,54876,54901,54827,25,-74,-26,-28,121,555,147,583,52,-42,5,22,47,-64,-1,-4
304,28700,,51520,"Bristol city, VA",County or equivalent,17835,17835,17825,17750,-10,-75,-10,-108,51,152,61,260,1,34,0,1,1,33,-1,-1
308,,,,"Jonesboro-Paragould, AR",Combined Statistical Area,163116,163116,163427,165549,311,2122,115,613,517,2225,402,1612,197,1495,29,93,168,1402,-1,14
308,27860,,,"Jonesboro, AR",Metropolitan Statistical Area,121026,121026,121256,122829,230,1573,105,534,394,1690,289,1156,126,1030,25,77,101,953,-1,9
308,27860,,5031,"Craighead County, AR",County or equivalent,96443,96443,96705,98315,262,1610,121,554,325,1380,204,826,140,1046,24,67,116,979,1,10
308,27860,,5111,"Poinsett County, AR",County or equivalent,24583,24583,24551,24514,-32,-37,-16,-20,69,310,85,330,-14,-16,1,10,-15,-26,-2,-1
308,37500,,,"Paragould, AR",Micropolitan Statistical Area,42090,42090,42171,42720,81,549,10,79,123,535,113,456,71,465,4,16,67,449,0,5
308,37500,,5055,"Greene County, AR",County or equivalent,42090,42090,42171,42720,81,549,10,79,123,535,113,456,71,465,4,16,67,449,0,5
312,,,,"Kansas City-Overland Park-Kansas City, MO-KS",Combined Statistical Area,2104853,2104853,2109370,2122908,4517,13538,3287,13105,7226,29242,3939,16137,1245,414,901,3086,344,-2672,-15,19
312,11860,,,"Atchison, KS",Micropolitan Statistical Area,16924,16924,16892,16793,-32,-99,15,33,56,218,41,185,-47,-134,1,3,-48,-137,0,2
312,11860,,20005,"Atchison County, KS",County or equivalent,16924,16924,16892,16793,-32,-99,15,33,56,218,41,185,-47,-134,1,3,-48,-137,0,2
312,28140,,,"Kansas City, MO-KS",Metropolitan Statistical Area,2035334,2035334,2039766,2052676,4432,12910,3180,12705,6988,28301,3808,15596,1267,189,849,3009,418,-2820,-15,16
312,28140,,20059,"Franklin County, KS",County or equivalent,25992,25992,26024,25931,32,-93,19,91,81,339,62,248,14,-185,1,12,13,-197,-1,1
312,28140,,20091,"Johnson County, KS",County or equivalent,544179,544179,545741,552991,1562,7250,1044,4013,1837,7309,793,3296,527,3246,281,1082,246,2164,-9,-9
312,28140,,20103,"Leavenworth County, KS",County or equivalent,76227,76227,76511,77176,284,665,97,415,230,934,133,519,185,252,47,70,138,182,2,-2
312,28140,,20107,"Linn County, KS",County or equivalent,9656,9656,9640,9612,-16,-28,5,-26,21,92,16,118,-20,-1,0,0,-20,-1,-1,-1
312,28140,,20121,"Miami County, KS",County or equivalent,32787,32787,32842,32715,55,-127,22,129,96,389,74,260,33,-258,1,11,32,-269,0,2
312,28140,,20209,"Wyandotte County, KS",County or equivalent,157505,157505,157811,158224,306,413,354,1438,672,2756,318,1318,-48,-1037,141,561,-189,-1598,0,12
312,28140,,29013,"Bates County, MO",County or equivalent,17049,17049,17050,17008,1,-42,3,5,47,196,44,191,-1,-46,0,0,-1,-46,-1,-1
312,28140,,29025,"Caldwell County, MO",County or equivalent,9424,9424,9432,9315,8,-117,5,2,23,102,18,100,4,-120,0,1,4,-121,-1,1
312,28140,,29037,"Cass County, MO",County or equivalent,99478,99478,99736,100052,258,316,108,440,309,1251,201,811,151,-120,11,25,140,-145,-1,-4
312,28140,,29047,"Clay County, MO",County or equivalent,221939,221939,222686,225161,747,2475,418,1624,783,3083,365,1459,323,851,57,144,266,707,6,0
312,28140,,29049,"Clinton County, MO",County or equivalent,20743,20743,20747,20789,4,42,-12,13,53,237,65,224,18,32,2,6,16,26,-2,-3
312,28140,,29095,"Jackson County, MO",County or equivalent,674158,674158,674953,676360,795,1407,974,3924,2390,9849,1416,5925,-171,-2534,274,960,-445,-3494,-8,17
312,28140,,29107,"Lafayette County, MO",County or equivalent,33381,33381,33406,33209,25,-197,0,51,96,386,96,335,26,-249,3,7,23,-256,-1,1
312,28140,,29165,"Platte County, MO",County or equivalent,89322,89322,89726,90903,404,1177,153,570,288,1104,135,534,248,606,31,126,217,480,3,1
312,28140,,29177,"Ray County, MO",County or equivalent,23494,23494,23461,23230,-33,-231,-10,16,62,274,72,258,-22,-248,0,4,-22,-252,-1,1
312,47660,,,"Warrensburg, MO",Micropolitan Statistical Area,52595,52595,52712,53439,117,727,92,367,182,723,90,356,25,359,51,74,-26,285,0,1
312,47660,,29101,"Johnson County, MO",County or equivalent,52595,52595,52712,53439,117,727,92,367,182,723,90,356,25,359,51,74,-26,285,0,1
314,,,,"Knoxville-Sevierville-La Follette, TN",Combined Statistical Area,1055086,1055086,1056592,1063354,1506,6762,320,1461,2992,11955,2672,10494,1212,5311,288,966,924,4345,-26,-10
314,25340,,,"Harriman, TN",Micropolitan Statistical Area,54181,54181,54100,53838,-81,-262,-51,-202,119,466,170,668,-27,-57,4,16,-31,-73,-3,-3
314,25340,,47145,"Roane County, TN",County or equivalent,54181,54181,54100,53838,-81,-262,-51,-202,119,466,170,668,-27,-57,4,16,-31,-73,-3,-3
314,28940,,,"Knoxville, TN",Metropolitan Statistical Area,698030,698030,699258,704500,1228,5242,370,1492,2011,8009,1641,6517,870,3754,195,585,675,3169,-12,-4
314,28940,,47001,"Anderson County, TN",County or equivalent,75129,75118,75117,75233,-1,116,-22,-88,190,772,212,860,25,209,11,40,14,169,-4,-5
314,28940,,47009,"Blount County, TN",County or equivalent,123010,123010,123160,123901,150,741,32,151,321,1273,289,1122,125,597,27,88,98,509,-7,-7
314,28940,,47093,"Knox County, TN",County or equivalent,432226,432237,433110,436929,873,3819,356,1376,1314,5222,958,3846,518,2435,144,398,374,2037,-1,8
314,28940,,47105,"Loudon County, TN",County or equivalent,48556,48556,48783,49237,227,454,5,36,135,537,130,501,222,419,12,53,210,366,0,-1
314,28940,,47173,"Union County, TN",County or equivalent,19109,19109,19088,19200,-21,112,-1,17,51,205,52,188,-20,94,1,6,-21,88,0,1
314,29220,,,"La Follette, TN",Micropolitan Statistical Area,40716,40716,40675,40512,-41,-163,-44,-113,103,436,147,549,6,-48,2,6,4,-54,-3,-2
314,29220,,47013,"Campbell County, TN",County or equivalent,40716,40716,40675,40512,-41,-163,-44,-113,103,436,147,549,6,-48,2,6,4,-54,-3,-2
314,34100,,,"Morristown, TN",Metropolitan Statistical Area,136608,136610,136789,137494,179,705,-2,106,395,1568,397,1462,185,603,54,235,131,368,-4,-4
314,34100,,47057,"Grainger County, TN",County or equivalent,22657,22657,22723,22766,66,43,-12,-4,64,249,76,253,78,49,5,24,73,25,0,-2
314,34100,,47063,"Hamblen County, TN",County or equivalent,62544,62544,62629,63062,85,433,28,144,197,784,169,640,59,291,35,158,24,133,-2,-2
314,34100,,47089,"Jefferson County, TN",County or equivalent,51407,51409,51437,51666,28,229,-18,-34,134,535,152,569,48,263,14,53,34,210,-2,0
314,35460,,,"Newport, TN",Micropolitan Statistical Area,35662,35662,35620,35544,-42,-76,-15,-64,94,384,109,448,-26,-10,5,22,-31,-32,-1,-2
314,35460,,47029,"Cocke County, TN",County or equivalent,35662,35662,35620,35544,-42,-76,-15,-64,94,384,109,448,-26,-10,5,22,-31,-32,-1,-2
314,42940,,,"Sevierville, TN",Micropolitan Statistical Area,89889,89887,90150,91466,263,1316,62,242,270,1092,208,850,204,1069,28,102,176,967,-3,5
314,42940,,47155,"Sevier County, TN",County or equivalent,89889,89887,90150,91466,263,1316,62,242,270,1092,208,850,204,1069,28,102,176,967,-3,5
316,,,,"Kokomo-Peru, IN",Combined Statistical Area,135591,135591,135434,135199,-157,-235,18,91,369,1468,351,1377,-174,-321,17,62,-191,-383,-1,-5
316,29020,,,"Kokomo, IN",Metropolitan Statistical Area,98688,98688,98645,98588,-43,-57,20,53,271,1082,251,1029,-59,-106,14,53,-73,-159,-4,-4
316,29020,,18067,"Howard County, IN",County or equivalent,82752,82752,82756,82800,4,44,24,97,241,963,217,866,-16,-49,12,48,-28,-97,-4,-4
316,29020,,18159,"Tipton County, IN",County or equivalent,15936,15936,15889,15788,-47,-101,-4,-44,30,119,34,163,-43,-57,2,5,-45,-62,0,0
316,37940,,,"Peru, IN",Micropolitan Statistical Area,36903,36903,36789,36611,-114,-178,-2,38,98,386,100,348,-115,-215,3,9,-118,-224,3,-1
316,37940,,18103,"Miami County, IN",County or equivalent,36903,36903,36789,36611,-114,-178,-2,38,98,386,100,348,-115,-215,3,9,-118,-224,3,-1
318,,,,"Lafayette-Acadiana, LA",Combined Statistical Area,550134,550134,551053,554517,919,3464,799,3587,2030,8417,1231,4830,131,-115,99,329,32,-444,-11,-8
318,10020,,,"Abbeville, LA",Micropolitan Statistical Area,57999,57999,58086,58276,87,190,73,287,199,814,126,527,15,-95,6,21,9,-116,-1,-2
318,10020,,22113,"Vermilion Parish, LA",County or equivalent,57999,57999,58086,58276,87,190,73,287,199,814,126,527,15,-95,6,21,9,-116,-1,-2
318,18940,,,"Crowley, LA",Micropolitan Statistical Area,61773,61773,61838,61982,65,144,73,303,215,925,142,622,-6,-158,1,5,-7,-163,-2,-1
318,18940,,22001,"Acadia Parish, LA",County or equivalent,61773,61773,61838,61982,65,144,73,303,215,925,142,622,-6,-158,1,5,-7,-163,-2,-1
318,29180,,,"Lafayette, LA",Metropolitan Statistical Area,273738,273738,274366,277307,628,2941,459,2044,992,4076,533,2032,173,905,73,244,100,661,-4,-8
318,29180,,22055,"Lafayette Parish, LA",County or equivalent,221578,221578,222107,224390,529,2283,381,1719,807,3305,426,1586,151,572,70,230,81,342,-3,-8
318,29180,,22099,"St. Martin Parish, LA",County or equivalent,52160,52160,52259,52917,99,658,78,325,185,771,107,446,22,333,3,14,19,319,-1,0
318,35340,,,"New Iberia, LA",Micropolitan Statistical Area,73240,73240,73260,73400,20,140,113,492,284,1192,171,700,-93,-352,10,31,-103,-383,0,0
318,35340,,22045,"Iberia Parish, LA",County or equivalent,73240,73240,73260,73400,20,140,113,492,284,1192,171,700,-93,-352,10,31,-103,-383,0,0
318,36660,,,"Opelousas-Eunice, LA",Micropolitan Statistical Area,83384,83384,83503,83552,119,49,81,461,340,1410,259,949,42,-415,9,28,33,-443,-4,3
318,36660,,22097,"St. Landry Parish, LA",County or equivalent,83384,83384,83503,83552,119,49,81,461,340,1410,259,949,42,-415,9,28,33,-443,-4,3
320,,,,"Lafayette-Frankfort, IN",Combined Statistical Area,235013,235013,235159,236712,146,1553,356,1363,758,2978,402,1615,-220,196,188,677,-408,-481,10,-6
320,23140,,,"Frankfort, IN",Micropolitan Statistical Area,33224,33224,33218,33104,-6,-114,37,155,117,475,80,320,-44,-272,22,88,-66,-360,1,3
320,23140,,18023,"Clinton County, IN",County or equivalent,33224,33224,33218,33104,-6,-114,37,155,117,475,80,320,-44,-272,22,88,-66,-360,1,3
320,29140,,,"Lafayette, IN",Metropolitan Statistical Area,201789,201789,201941,203608,152,1667,319,1208,641,2503,322,1295,-176,468,166,589,-342,-121,9,-9
320,29140,,18007,"Benton County, IN",County or equivalent,8854,8854,8881,8853,27,-28,10,-1,22,92,12,93,16,-26,0,0,16,-26,1,-1
320,29140,,18015,"Carroll County, IN",County or equivalent,20155,20155,20163,20031,8,-132,11,28,53,211,42,183,-2,-160,2,11,-4,-171,-1,0
320,29140,,18157,"Tippecanoe County, IN",County or equivalent,172780,172780,172897,174724,117,1827,298,1181,566,2200,268,1019,-190,654,164,578,-354,76,9,-8
324,,,,"Lake Charles-Jennings, LA",Combined Statistical Area,231201,231201,231710,232516,509,806,256,1059,815,3322,559,2263,253,-239,27,89,226,-328,0,-14
324,27660,,,"Jennings, LA",Micropolitan Statistical Area,31594,31594,31627,31694,33,67,19,69,111,459,92,390,15,2,0,1,15,1,-1,-4
324,27660,,22053,"Jefferson Davis Parish, LA",County or equivalent,31594,31594,31627,31694,33,67,19,69,111,459,92,390,15,2,0,1,15,1,-1,-4
324,29340,,,"Lake Charles, LA",Metropolitan Statistical Area,199607,199607,200083,200822,476,739,237,990,704,2863,467,1873,238,-241,27,88,211,-329,1,-10
324,29340,,22019,"Calcasieu Parish, LA",County or equivalent,192768,192768,193273,194092,505,819,224,969,685,2785,461,1816,280,-141,24,73,256,-214,1,-9
324,29340,,22023,"Cameron Parish, LA",County or equivalent,6839,6839,6810,6730,-29,-80,13,21,19,78,6,57,-42,-100,3,15,-45,-115,0,-1
330,,,,"Lansing-East Lansing-Owosso, MI",Combined Statistical Area,534684,534684,534638,534979,-46,341,500,1787,1480,5790,980,4003,-555,-1448,249,850,-804,-2298,9,2
330,29620,,,"Lansing-East Lansing, MI",Metropolitan Statistical Area,464036,464036,464058,465138,22,1080,491,1770,1302,5097,811,3327,-480,-686,243,831,-723,-1517,11,-4
330,29620,,26037,"Clinton County, MI",County or equivalent,75382,75382,75420,75469,38,49,54,219,179,703,125,484,-14,-166,5,29,-19,-195,-2,-4
330,29620,,26045,"Eaton County, MI",County or equivalent,107759,107759,107877,108056,118,179,84,264,292,1124,208,860,38,-80,26,89,12,-169,-4,-5
330,29620,,26065,"Ingham County, MI",County or equivalent,280895,280895,280761,281613,-134,852,353,1287,831,3270,478,1983,-504,-440,212,713,-716,-1153,17,5
330,37020,,,"Owosso, MI",Micropolitan Statistical Area,70648,70648,70580,69841,-68,-739,9,17,178,693,169,676,-75,-762,6,19,-81,-781,-2,6
330,37020,,26155,"Shiawassee County, MI",County or equivalent,70648,70648,70580,69841,-68,-739,9,17,178,693,169,676,-75,-762,6,19,-81,-781,-2,6
332,,,,"Las Vegas-Paradise-Pahrump, NV",Combined Statistical Area,1995215,1995215,1997745,2013326,2530,15581,3513,14205,6933,27950,3420,13745,-1035,1375,1904,8072,-2939,-6697,52,1
332,29820,,,"Las Vegas-Paradise, NV",Metropolitan Statistical Area,1951269,1951269,1953927,1969975,2658,16048,3559,14395,6832,27563,3273,13168,-955,1654,1887,8007,-2842,-6353,54,-1
332,29820,,32003,"Clark County, NV",County or equivalent,1951269,1951269,1953927,1969975,2658,16048,3559,14395,6832,27563,3273,13168,-955,1654,1887,8007,-2842,-6353,54,-1
332,37220,,,"Pahrump, NV",Micropolitan Statistical Area,43946,43946,43818,43351,-128,-467,-46,-190,101,387,147,577,-80,-279,17,65,-97,-344,-2,2
332,37220,,32023,"Nye County, NV",County or equivalent,43946,43946,43818,43351,-128,-467,-46,-190,101,387,147,577,-80,-279,17,65,-97,-344,-2,2
336,,,,"Lexington-Fayette--Frankfort--Richmond, KY",Combined Statistical Area,687173,687173,688999,696340,1826,7341,799,3580,2223,8916,1424,5336,1023,3748,406,1522,617,2226,4,13
336,23180,,,"Frankfort, KY",Micropolitan Statistical Area,70706,70706,70762,71037,56,275,49,246,217,868,168,622,7,30,20,85,-13,-55,0,-1
336,23180,,21005,"Anderson County, KY",County or equivalent,21421,21421,21479,21644,58,165,23,89,69,265,46,176,35,76,2,4,33,72,0,0
336,23180,,21073,"Franklin County, KY",County or equivalent,49285,49285,49283,49393,-2,110,26,157,148,603,122,446,-28,-46,18,81,-46,-127,0,-1
336,30460,,,"Lexington-Fayette, KY",Metropolitan Statistical Area,472099,472099,473568,479244,1469,5676,654,2915,1581,6288,927,3373,810,2750,365,1355,445,1395,5,11
336,30460,,21017,"Bourbon County, KY",County or equivalent,19985,19985,19972,19998,-13,26,-3,8,57,229,60,221,-11,19,5,20,-16,-1,1,-1
336,30460,,21049,"Clark County, KY",County or equivalent,35613,35613,35623,35537,10,-86,6,109,113,456,107,347,5,-196,2,16,3,-212,-1,1
336,30460,,21067,"Fayette County, KY",County or equivalent,295803,295803,296792,301569,989,4777,485,2005,1000,3950,515,1945,503,2761,328,1186,175,1575,1,11
336,30460,,21113,"Jessamine County, KY",County or equivalent,48586,48586,48729,49046,143,317,66,345,171,692,105,347,77,-27,17,81,60,-108,0,-1
336,30460,,21209,"Scott County, KY",County or equivalent,47173,47173,47441,48149,268,708,83,342,165,657,82,315,182,367,4,25,178,342,3,-1
336,30460,,21239,"Woodford County, KY",County or equivalent,24939,24939,25011,24945,72,-66,17,106,75,304,58,198,54,-174,9,27,45,-201,1,2
336,34460,,,"Mount Sterling, KY",Micropolitan Statistical Area,44396,44396,44469,44802,73,333,34,104,146,601,112,497,41,229,3,19,38,210,-2,0
336,34460,,21011,"Bath County, KY",County or equivalent,11591,11591,11624,11742,33,118,6,1,39,156,33,155,27,116,0,1,27,115,0,1
336,34460,,21165,"Menifee County, KY",County or equivalent,6306,6306,6314,6317,8,3,0,-27,12,57,12,84,9,30,0,0,9,30,-1,0
336,34460,,21173,"Montgomery County, KY",County or equivalent,26499,26499,26531,26743,32,212,28,130,95,388,67,258,5,83,3,18,2,65,-1,-1
336,40080,,,"Richmond-Berea, KY",Micropolitan Statistical Area,99972,99972,100200,101257,228,1057,62,315,279,1159,217,844,165,739,18,63,147,676,1,3
336,40080,,21151,"Madison County, KY",County or equivalent,82916,82916,83146,84188,230,1042,81,382,242,995,161,613,147,656,18,63,129,593,2,4
336,40080,,21203,"Rockcastle County, KY",County or equivalent,17056,17056,17054,17069,-2,15,-19,-67,37,164,56,231,18,83,0,0,18,83,-1,-1
338,,,,"Lima-Van Wert-Wapakoneta, OH",Combined Statistical Area,181024,181024,180884,180533,-140,-351,123,447,565,2274,442,1827,-262,-801,14,75,-276,-876,-1,3
338,30620,,,"Lima, OH",Metropolitan Statistical Area,106331,106331,106239,106094,-92,-145,91,271,335,1334,244,1063,-185,-417,11,50,-196,-467,2,1
338,30620,,39003,"Allen County, OH",County or equivalent,106331,106331,106239,106094,-92,-145,91,271,335,1334,244,1063,-185,-417,11,50,-196,-467,2,1
338,46780,,,"Van Wert, OH",Micropolitan Statistical Area,28744,28744,28693,28601,-51,-92,6,52,84,347,78,295,-57,-144,1,10,-58,-154,0,0
338,46780,,39161,"Van Wert County, OH",County or equivalent,28744,28744,28693,28601,-51,-92,6,52,84,347,78,295,-57,-144,1,10,-58,-154,0,0
338,47540,,,"Wapakoneta, OH",Micropolitan Statistical Area,45949,45949,45952,45838,3,-114,26,124,146,593,120,469,-20,-240,2,15,-22,-255,-3,2
338,47540,,39011,"Auglaize County, OH",County or equivalent,45949,45949,45952,45838,3,-114,26,124,146,593,120,469,-20,-240,2,15,-22,-255,-3,2
340,,,,"Little Rock-North Little Rock-Pine Bluff, AR",Combined Statistical Area,877091,877093,879699,886992,2606,7293,1073,4266,2932,11812,1859,7546,1517,3010,357,1051,1160,1959,16,17
340,30780,,,"Little Rock-North Little Rock-Conway, AR",Metropolitan Statistical Area,699757,699759,702253,709901,2494,7648,992,3891,2409,9610,1417,5719,1488,3752,335,973,1153,2779,14,5
340,30780,,5045,"Faulkner County, AR",County or equivalent,113237,113237,114021,116342,784,2321,207,813,389,1545,182,732,563,1495,43,156,520,1339,14,13
340,30780,,5053,"Grant County, AR",County or equivalent,17853,17853,17893,17988,40,95,8,33,47,188,39,155,32,62,3,19,29,43,0,0
340,30780,,5085,"Lonoke County, AR",County or equivalent,68356,68354,68658,69341,304,683,92,314,228,891,136,577,208,370,14,39,194,331,4,-1
340,30780,,5105,"Perry County, AR",County or equivalent,10445,10445,10464,10405,19,-59,-3,-9,29,120,32,129,23,-50,0,3,23,-53,-1,0
340,30780,,5119,"Pulaski County, AR",County or equivalent,382748,382750,383581,386299,831,2718,611,2378,1416,5648,805,3270,231,365,243,641,-12,-276,-11,-25
340,30780,,5125,"Saline County, AR",County or equivalent,107118,107120,107636,109526,516,1890,77,362,300,1218,223,856,431,1510,32,115,399,1395,8,18
340,38220,,,"Pine Bluff, AR",Metropolitan Statistical Area,100258,100258,100114,98924,-144,-1190,34,142,290,1213,256,1071,-179,-1344,10,34,-189,-1378,1,12
340,38220,,5025,"Cleveland County, AR",County or equivalent,8689,8689,8697,8672,8,-25,8,2,20,87,12,85,1,-26,0,1,1,-27,-1,-1
340,38220,,5069,"Jefferson County, AR",County or equivalent,77435,77435,77317,76246,-118,-1071,17,173,238,1005,221,832,-137,-1258,10,32,-147,-1290,2,14
340,38220,,5079,"Lincoln County, AR",County or equivalent,14134,14134,14100,14006,-34,-94,9,-33,32,121,23,154,-43,-60,0,1,-43,-61,0,-1
340,42620,,,"Searcy, AR",Micropolitan Statistical Area,77076,77076,77332,78167,256,835,47,233,233,989,186,756,208,602,12,44,196,558,1,0
340,42620,,5145,"White County, AR",County or equivalent,77076,77076,77332,78167,256,835,47,233,233,989,186,756,208,602,12,44,196,558,1,0
346,,,,"Longview-Marshall, TX",Combined Statistical Area,280000,280009,280433,282962,424,2529,323,1284,984,4032,661,2748,112,1252,123,448,-11,804,-11,-7
346,30980,,,"Longview, TX",Metropolitan Statistical Area,214369,214378,214687,216666,309,1979,246,993,768,3136,522,2143,70,990,83,304,-13,686,-7,-4
346,30980,,48183,"Gregg County, TX",County or equivalent,121730,121730,121906,123081,176,1175,166,703,473,1943,307,1240,14,479,66,227,-52,252,-4,-7
346,30980,,48401,"Rusk County, TX",County or equivalent,53330,53330,53394,53759,64,365,54,172,174,708,120,536,13,193,8,44,5,149,-3,0
346,30980,,48459,"Upshur County, TX",County or equivalent,39309,39318,39387,39826,69,439,26,118,121,485,95,367,43,318,9,33,34,285,0,3
346,32220,,,"Marshall, TX",Micropolitan Statistical Area,65631,65631,65746,66296,115,550,77,291,216,896,139,605,42,262,40,144,2,118,-4,-3
346,32220,,48203,"Harrison County, TX",County or equivalent,65631,65631,65746,66296,115,550,77,291,216,896,139,605,42,262,40,144,2,118,-4,-3
348,,,,"Los Angeles-Long Beach-Riverside, CA",Combined Statistical Area,17877006,17877006,17914821,18081569,37815,166748,32416,137953,58702,244720,26286,106767,4860,28740,16135,65751,-11275,-37011,539,55
348,31100,,,"Los Angeles-Long Beach-Santa Ana, CA",Metropolitan Statistical Area,12828837,12828837,12844371,12944801,15534,100430,22576,96150,41178,171737,18602,75587,-7373,4176,13472,54725,-20845,-50549,331,104
348,31100,31084,,"Los Angeles-Long Beach-Glendale, CA",Metropolitan Division,9818605,9818605,9826773,9889056,8168,62283,17578,74813,31907,133239,14329,58426,-9786,-12733,10568,42413,-20354,-55146,376,203
348,31100,31084,6037,"Los Angeles County, CA",County or equivalent,9818605,9818605,9826773,9889056,8168,62283,17578,74813,31907,133239,14329,58426,-9786,-12733,10568,42413,-20354,-55146,376,203
348,31100,42044,,"Santa Ana-Anaheim-Irvine, CA",Metropolitan Division,3010232,3010232,3017598,3055745,7366,38147,4998,21337,9271,38498,4273,17161,2413,16909,2904,12312,-491,4597,-45,-99
348,31100,42044,6059,"Orange County, CA",County or equivalent,3010232,3010232,3017598,3055745,7366,38147,4998,21337,9271,38498,4273,17161,2413,16909,2904,12312,-491,4597,-45,-99
348,37100,,,"Oxnard-Thousand Oaks-Ventura, CA",Metropolitan Statistical Area,823318,823318,825445,831771,2127,6326,1417,5977,2709,11060,1292,5083,721,368,567,1961,154,-1593,-11,-19
348,37100,,6111,"Ventura County, CA",County or equivalent,823318,823318,825445,831771,2127,6326,1417,5977,2709,11060,1292,5083,721,368,567,1961,154,-1593,-11,-19
348,40140,,,"Riverside-San Bernardino-Ontario, CA",Metropolitan Statistical Area,4224851,4224851,4245005,4304997,20154,59992,8423,35826,14815,61923,6392,26097,11512,24196,2096,9065,9416,15131,219,-30
348,40140,,6065,"Riverside County, CA",County or equivalent,2189641,2189641,2202978,2239620,13337,36642,3869,16718,7298,30783,3429,14065,9278,19847,1032,4915,8246,14932,190,77
348,40140,,6071,"San Bernardino County, CA",County or equivalent,2035210,2035210,2042027,2065377,6817,23350,4554,19108,7517,31140,2963,12032,2234,4349,1064,4150,1170,199,29,-107
350,,,,"Louisville/Jefferson County--Elizabethtown--Scottsburg, KY-IN",Combined Statistical Area,1427483,1427488,1431288,1440607,3800,9319,1571,6194,4646,18629,3075,12435,2208,3162,531,1808,1677,1354,21,-37
350,21060,,,"Elizabethtown, KY",Metropolitan Statistical Area,119736,119742,121214,121771,1472,557,225,812,445,1805,220,993,1214,-256,98,93,1116,-349,33,1
350,21060,,21093,"Hardin County, KY",County or equivalent,105543,105549,106999,107456,1450,457,214,799,404,1633,190,834,1202,-344,95,87,1107,-431,34,2
350,21060,,21123,"Larue County, KY",County or equivalent,14193,14193,14215,14315,22,100,11,13,41,172,30,159,12,88,3,6,9,82,-1,-1
350,31140,,,"Louisville/Jefferson County, KY-IN",Metropolitan Statistical Area,1283566,1283565,1285891,1294849,2326,8958,1361,5400,4131,16542,2770,11142,975,3597,432,1711,543,1886,-10,-39
350,31140,,18019,"Clark County, IN",County or equivalent,110232,110232,110605,111570,373,965,130,487,376,1495,246,1008,239,479,23,90,216,389,4,-1
350,31140,,18043,"Floyd County, IN",County or equivalent,74578,74578,74638,74989,60,351,34,160,212,840,178,680,29,194,10,44,19,150,-3,-3
350,31140,,18061,"Harrison County, IN",County or equivalent,39364,39364,39383,39336,19,-47,17,103,107,426,90,323,3,-150,2,7,1,-157,-1,0
350,31140,,18175,"Washington County, IN",County or equivalent,28262,28262,28278,28147,16,-131,-1,32,74,311,75,279,18,-163,2,6,16,-169,-1,0
350,31140,,21029,"Bullitt County, KY",County or equivalent,74319,74319,74479,75109,160,630,59,247,184,738,125,491,99,381,3,5,96,376,2,2
350,31140,,21103,"Henry County, KY",County or equivalent,15416,15416,15412,15443,-4,31,14,26,47,183,33,157,-19,6,6,21,-25,-15,1,-1
350,31140,,21111,"Jefferson County, KY",County or equivalent,741096,741096,742176,746906,1080,4730,888,3416,2561,10239,1673,6823,210,1360,332,1342,-122,18,-18,-46
350,31140,,21163,"Meade County, KY",County or equivalent,28602,28601,28683,29562,82,879,14,97,69,292,55,195,66,770,14,4,52,766,2,12
350,31140,,21179,"Nelson County, KY",County or equivalent,43437,43437,43576,43974,139,398,40,192,138,555,98,363,98,206,7,24,91,182,1,0
350,31140,,21185,"Oldham County, KY",County or equivalent,60316,60316,60409,60642,93,233,33,175,120,491,87,316,59,61,8,39,51,22,1,-3
350,31140,,21211,"Shelby County, KY",County or equivalent,42074,42074,42331,43068,257,737,102,390,168,665,66,275,154,346,25,123,129,223,1,1
350,31140,,21215,"Spencer County, KY",County or equivalent,17061,17061,17129,17378,68,249,25,69,51,203,26,134,42,179,0,3,42,176,1,1
350,31140,,21223,"Trimble County, KY",County or equivalent,8809,8809,8792,8725,-17,-67,6,6,24,104,18,98,-23,-72,0,3,-23,-75,0,-1
350,42500,,,"Scottsburg, IN",Micropolitan Statistical Area,24181,24181,24183,23987,2,-196,-15,-18,70,282,85,300,19,-179,1,4,18,-183,-2,1
350,42500,,18143,"Scott County, IN",County or equivalent,24181,24181,24183,23987,2,-196,-15,-18,70,282,85,300,19,-179,1,4,18,-183,-2,1
352,,,,"Lubbock-Levelland, TX",Combined Statistical Area,307825,307825,309146,312894,1321,3748,555,2114,1175,4661,620,2547,747,1635,93,314,654,1321,19,-1
352,30220,,,"Levelland, TX",Micropolitan Statistical Area,22935,22935,22864,22892,-71,28,37,107,80,319,43,212,-111,-77,3,17,-114,-94,3,-2
352,30220,,48219,"Hockley County, TX",County or equivalent,22935,22935,22864,22892,-71,28,37,107,80,319,43,212,-111,-77,3,17,-114,-94,3,-2
352,31180,,,"Lubbock, TX",Metropolitan Statistical Area,284890,284890,286282,290002,1392,3720,518,2007,1095,4342,577,2335,858,1712,90,297,768,1415,16,1
352,31180,,48107,"Crosby County, TX",County or equivalent,6059,6059,6061,6092,2,31,16,33,27,110,11,77,-14,-1,0,1,-14,-2,0,-1
352,31180,,48303,"Lubbock County, TX",County or equivalent,278831,278831,280221,283910,1390,3689,502,1974,1068,4232,566,2258,872,1713,90,296,782,1417,16,2
354,,,,"Lumberton-Laurinburg, NC",Combined Statistical Area,170325,170325,170576,171378,251,802,220,1003,619,2564,399,1561,30,-198,82,308,-52,-506,1,-3
354,29900,,,"Laurinburg, NC",Micropolitan Statistical Area,36157,36157,36099,35861,-58,-238,35,121,118,483,83,362,-95,-363,6,22,-101,-385,2,4
354,29900,,37165,"Scotland County, NC",County or equivalent,36157,36157,36099,35861,-58,-238,35,121,118,483,83,362,-95,-363,6,22,-101,-385,2,4
354,31300,,,"Lumberton, NC",Micropolitan Statistical Area,134168,134168,134477,135517,309,1040,185,882,501,2081,316,1199,125,165,76,286,49,-121,-1,-7
354,31300,,37155,"Robeson County, NC",County or equivalent,134168,134168,134477,135517,309,1040,185,882,501,2081,316,1199,125,165,76,286,49,-121,-1,-7
356,,,,"Macon-Warner Robins-Fort Valley, GA",Combined Statistical Area,399888,399899,400939,404668,1040,3729,542,1960,1378,5586,836,3626,485,1751,142,333,343,1418,13,18
356,22980,,,"Fort Valley, GA",Micropolitan Statistical Area,27695,27695,27760,27823,65,63,44,165,89,402,45,237,21,-101,2,3,19,-104,0,-1
356,22980,,13225,"Peach County, GA",County or equivalent,27695,27695,27760,27823,65,63,44,165,89,402,45,237,21,-101,2,3,19,-104,0,-1
356,31420,,,"Macon, GA",Metropolitan Statistical Area,232293,232293,232379,232920,86,541,244,815,788,3192,544,2377,-157,-270,45,169,-202,-439,-1,-4
356,31420,,13021,"Bibb County, GA",County or equivalent,155547,155547,155671,156433,124,762,165,781,572,2405,407,1624,-40,-12,38,138,-78,-150,-1,-7
356,31420,,13079,"Crawford County, GA",County or equivalent,12630,12630,12613,12567,-17,-46,22,14,36,119,14,105,-40,-58,6,20,-46,-78,1,-2
356,31420,,13169,"Jones County, GA",County or equivalent,28669,28669,28660,28516,-9,-144,38,72,86,314,48,242,-46,-218,0,0,-46,-218,-1,2
356,31420,,13207,"Monroe County, GA",County or equivalent,26424,26424,26460,26625,36,165,4,-1,70,268,66,269,33,165,0,8,33,157,-1,1
356,31420,,13289,"Twiggs County, GA",County or equivalent,9023,9023,8975,8779,-48,-196,15,-51,24,86,9,137,-64,-147,1,3,-65,-150,1,2
356,47580,,,"Warner Robins, GA",Metropolitan Statistical Area,139900,139911,140800,143925,889,3125,254,980,501,1992,247,1012,621,2122,95,161,526,1961,14,23
356,47580,,13153,"Houston County, GA",County or equivalent,139900,139911,140800,143925,889,3125,254,980,501,1992,247,1012,621,2122,95,161,526,1961,14,23
358,,,,"Madison-Baraboo, WI",Combined Statistical Area,630569,630569,631848,638757,1279,6909,1004,3767,1976,7751,972,3984,282,3131,297,1085,-15,2046,-7,11
358,12660,,,"Baraboo, WI",Micropolitan Statistical Area,61976,61976,62048,62290,72,242,62,204,195,777,133,573,12,42,16,65,-4,-23,-2,-4
358,12660,,55111,"Sauk County, WI",County or equivalent,61976,61976,62048,62290,72,242,62,204,195,777,133,573,12,42,16,65,-4,-23,-2,-4
358,31540,,,"Madison, WI",Metropolitan Statistical Area,568593,568593,569800,576467,1207,6667,942,3563,1781,6974,839,3411,270,3089,281,1020,-11,2069,-5,15
358,31540,,55021,"Columbia County, WI",County or equivalent,56833,56833,56910,56909,77,-1,36,151,166,642,130,491,42,-152,8,40,34,-192,-1,0
358,31540,,55025,"Dane County, WI",County or equivalent,488073,488073,489190,495959,1117,6769,875,3285,1540,6032,665,2747,245,3469,273,973,-28,2496,-3,15
358,31540,,55049,"Iowa County, WI",County or equivalent,23687,23687,23700,23599,13,-101,31,127,75,300,44,173,-17,-228,0,7,-17,-235,-1,0
360,,,,"Mansfield-Bucyrus, OH",Combined Statistical Area,168259,168259,168018,166899,-241,-1119,80,233,493,1979,413,1746,-321,-1364,6,24,-327,-1388,0,12
360,15340,,,"Bucyrus, OH",Micropolitan Statistical Area,43784,43784,43755,43389,-29,-366,2,22,119,495,117,473,-29,-393,3,14,-32,-407,-2,5
360,15340,,39033,"Crawford County, OH",County or equivalent,43784,43784,43755,43389,-29,-366,2,22,119,495,117,473,-29,-393,3,14,-32,-407,-2,5
360,31900,,,"Mansfield, OH",Metropolitan Statistical Area,124475,124475,124263,123510,-212,-753,78,211,374,1484,296,1273,-292,-971,3,10,-295,-981,2,7
360,31900,,39139,"Richland County, OH",County or equivalent,124475,124475,124263,123510,-212,-753,78,211,374,1484,296,1273,-292,-971,3,10,-295,-981,2,7
372,,,,"Midland-Odessa, TX",Combined Statistical Area,274002,274002,274167,280419,165,6252,708,2749,1221,4893,513,2144,-555,3460,62,153,-617,3307,12,43
372,33260,,,"Midland, TX",Metropolitan Statistical Area,136872,136872,137006,140308,134,3302,331,1226,558,2216,227,990,-200,2049,31,77,-231,1972,3,27
372,33260,,48329,"Midland County, TX",County or equivalent,136872,136872,137006,140308,134,3302,331,1226,558,2216,227,990,-200,2049,31,77,-231,1972,3,27
372,36220,,,"Odessa, TX",Metropolitan Statistical Area,137130,137130,137161,140111,31,2950,377,1523,663,2677,286,1154,-355,1411,31,76,-386,1335,9,16
372,36220,,48135,"Ector County, TX",County or equivalent,137130,137130,137161,140111,31,2950,377,1523,663,2677,286,1154,-355,1411,31,76,-386,1335,9,16
376,,,,"Milwaukee-Racine-Waukesha, WI",Combined Statistical Area,1751316,1751316,1752455,1757604,1139,5149,2473,9382,5921,23374,3448,13992,-1312,-4183,569,1932,-1881,-6115,-22,-50
376,33340,,,"Milwaukee-Waukesha-West Allis, WI",Metropolitan Statistical Area,1555908,1555908,1556953,1562216,1045,5263,2195,8384,5276,20839,3081,12455,-1128,-3066,520,1796,-1648,-4862,-22,-55
376,33340,,55079,"Milwaukee County, WI",County or equivalent,947735,947735,948623,952532,888,3909,1854,7158,3792,15010,1938,7852,-962,-3228,437,1606,-1399,-4834,-4,-21
376,33340,,55089,"Ozaukee County, WI",County or equivalent,86395,86395,86332,86568,-63,236,18,59,191,765,173,706,-79,180,9,32,-88,148,-2,-3
376,33340,,55131,"Washington County, WI",County or equivalent,131887,131887,131989,132386,102,397,114,429,357,1399,243,970,-7,-25,13,34,-20,-59,-5,-7
376,33340,,55133,"Waukesha County, WI",County or equivalent,389891,389891,390009,390730,118,721,209,738,936,3665,727,2927,-80,7,61,124,-141,-117,-11,-24
376,39540,,,"Racine, WI",Metropolitan Statistical Area,195408,195408,195502,195388,94,-114,278,998,645,2535,367,1537,-184,-1117,49,136,-233,-1253,0,5
376,39540,,55101,"Racine County, WI",County or equivalent,195408,195408,195502,195388,94,-114,278,998,645,2535,367,1537,-184,-1117,49,136,-233,-1253,0,5
378,,,,"Minneapolis-St. Paul-St. Cloud, MN-WI",Combined Statistical Area,3615902,3615902,3622247,3655558,6345,33311,6637,26141,12106,48067,5469,21926,-340,7260,2127,8101,-2467,-841,48,-90
378,22060,,,"Faribault-Northfield, MN",Micropolitan Statistical Area,64142,64142,64254,64409,112,155,67,280,181,720,114,440,48,-124,26,102,22,-226,-3,-1
378,22060,,27131,"Rice County, MN",County or equivalent,64142,64142,64254,64409,112,155,67,280,181,720,114,440,48,-124,26,102,22,-226,-3,-1
378,26780,,,"Hutchinson, MN",Micropolitan Statistical Area,36651,36651,36625,36432,-26,-193,17,144,110,463,93,319,-42,-341,6,23,-48,-364,-1,4
378,26780,,27085,"McLeod County, MN",County or equivalent,36651,36651,36625,36432,-26,-193,17,144,110,463,93,319,-42,-341,6,23,-48,-364,-1,4
378,33460,,,"Minneapolis-St. Paul-Bloomington, MN-WI",Metropolitan Statistical Area,3279833,3279833,3285913,3318486,6080,32573,6174,24296,11043,43858,4869,19562,-144,8368,2060,7832,-2204,536,50,-91
378,33460,,27003,"Anoka County, MN",County or equivalent,330844,330844,331464,333140,620,1676,659,2588,1049,4123,390,1535,-41,-915,145,421,-186,-1336,2,3
378,33460,,27019,"Carver County, MN",County or equivalent,91042,91042,91358,92638,316,1280,186,718,301,1136,115,418,128,560,28,104,100,456,2,2
378,33460,,27025,"Chisago County, MN",County or equivalent,53887,53887,53905,53916,18,11,49,265,138,587,89,322,-30,-254,0,6,-30,-260,-1,0
378,33460,,27037,"Dakota County, MN",County or equivalent,398552,398552,399155,402006,603,2851,773,3117,1287,5187,514,2070,-176,-258,212,541,-388,-799,6,-8
378,33460,,27053,"Hennepin County, MN",County or equivalent,1152425,1152425,1154067,1168431,1642,14364,2130,8279,3979,15811,1849,7532,-513,6115,959,4219,-1472,1896,25,-30
378,33460,,27059,"Isanti County, MN",County or equivalent,37816,37816,37896,38283,80,387,55,208,121,473,66,265,27,183,3,21,24,162,-2,-4
378,33460,,27123,"Ramsey County, MN",County or equivalent,508640,508640,509259,514696,619,5437,904,3505,1807,7264,903,3759,-299,1961,519,1868,-818,93,14,-29
378,33460,,27139,"Scott County, MN",County or equivalent,129928,129928,130485,132556,557,2071,345,1401,478,1897,133,496,208,671,49,169,159,502,4,-1
378,33460,,27141,"Sherburne County, MN",County or equivalent,88499,88499,88745,89319,246,574,179,768,301,1223,122,455,68,-192,5,18,63,-210,-1,-2
378,33460,,27163,"Washington County, MN",County or equivalent,238136,238136,238983,241280,847,2297,406,1498,722,2769,316,1271,440,815,108,319,332,496,1,-16
378,33460,,27171,"Wright County, MN",County or equivalent,124700,124700,125148,126437,448,1289,307,1214,471,1878,164,664,142,82,25,101,117,-19,-1,-7
378,33460,,55093,"Pierce County, WI",County or equivalent,41019,41019,41042,40862,23,-180,34,160,107,413,73,253,-11,-344,2,9,-13,-353,0,4
378,33460,,55109,"St. Croix County, WI",County or equivalent,84345,84345,84406,84922,61,516,147,575,282,1097,135,522,-87,-56,5,36,-92,-92,1,-3
378,39860,,,"Red Wing, MN",Micropolitan Statistical Area,46183,46183,46217,46217,34,0,22,88,133,541,111,453,14,-86,8,41,6,-127,-2,-2
378,39860,,27049,"Goodhue County, MN",County or equivalent,46183,46183,46217,46217,34,0,22,88,133,541,111,453,14,-86,8,41,6,-127,-2,-2
378,41060,,,"St. Cloud, MN",Metropolitan Statistical Area,189093,189093,189238,190014,145,776,357,1333,639,2485,282,1152,-216,-557,27,103,-243,-660,4,0
378,41060,,27009,"Benton County, MN",County or equivalent,38451,38451,38489,38671,38,182,80,269,156,557,76,288,-43,-86,2,8,-45,-94,1,-1
378,41060,,27145,"Stearns County, MN",County or equivalent,150642,150642,150749,151343,107,594,277,1064,483,1928,206,864,-173,-471,25,95,-198,-566,3,1
380,,,,"Mobile-Daphne-Fairhope, AL",Combined Statistical Area,595257,595255,596375,599294,1120,2919,467,2051,1885,7843,1418,5792,645,829,185,435,460,394,8,39
380,19300,,,"Daphne-Fairhope-Foley, AL",Micropolitan Statistical Area,182265,182265,183259,186717,994,3458,109,386,520,2109,411,1723,873,3046,61,176,812,2870,12,26
380,19300,,1003,"Baldwin County, AL",County or equivalent,182265,182265,183259,186717,994,3458,109,386,520,2109,411,1723,873,3046,61,176,812,2870,12,26
380,33660,,,"Mobile, AL",Metropolitan Statistical Area,412992,412990,413116,412577,126,-539,358,1665,1365,5734,1007,4069,-228,-2217,124,259,-352,-2476,-4,13
380,33660,,1097,"Mobile County, AL",County or equivalent,412992,412990,413116,412577,126,-539,358,1665,1365,5734,1007,4069,-228,-2217,124,259,-352,-2476,-4,13
384,,,,"Monroe-Bastrop, LA",Combined Statistical Area,204420,204420,204693,205259,273,566,222,999,744,3066,522,2067,60,-429,20,78,40,-507,-9,-4
384,12820,,,"Bastrop, LA",Micropolitan Statistical Area,27979,27979,27939,27608,-40,-331,28,88,102,446,74,358,-68,-424,0,0,-68,-424,0,5
384,12820,,22067,"Morehouse Parish, LA",County or equivalent,27979,27979,27939,27608,-40,-331,28,88,102,446,74,358,-68,-424,0,0,-68,-424,0,5
384,33740,,,"Monroe, LA",Metropolitan Statistical Area,176441,176441,176754,177651,313,897,194,911,642,2620,448,1709,128,-5,20,78,108,-83,-9,-9
384,33740,,22073,"Ouachita Parish, LA",County or equivalent,153720,153720,153989,154919,269,930,187,852,576,2346,389,1494,90,88,18,67,72,21,-8,-10
384,33740,,22111,"Union Parish, LA",County or equivalent,22721,22721,22765,22732,44,-33,7,59,66,274,59,215,38,-93,2,11,36,-104,-1,1
388,,,,"Montgomery-Alexander City, AL",Combined Statistical Area,427691,427691,428195,430944,504,2749,381,1605,1307,5538,926,3933,131,1149,147,403,-16,746,-8,-5
388,10760,,,"Alexander City, AL",Micropolitan Statistical Area,53155,53155,52992,52336,-163,-656,-10,-101,133,556,143,657,-146,-544,4,16,-150,-560,-7,-11
388,10760,,1037,"Coosa County, AL",County or equivalent,11539,11537,11458,10713,-79,-745,-3,-39,19,85,22,124,-70,-700,1,3,-71,-703,-6,-6
388,10760,,1123,"Tallapoosa County, AL",County or equivalent,41616,41618,41534,41623,-84,89,-7,-62,114,471,121,533,-76,156,3,13,-79,143,-1,-5
388,33860,,,"Montgomery, AL",Metropolitan Statistical Area,374536,374536,375203,378608,667,3405,391,1706,1174,4982,783,3276,277,1693,143,387,134,1306,-1,6
388,33860,,1001,"Autauga County, AL",County or equivalent,54571,54571,54637,55267,66,630,62,237,154,660,92,423,5,390,18,46,-13,344,-1,3
388,33860,,1051,"Elmore County, AL",County or equivalent,79303,79303,79590,80162,287,572,83,309,235,996,152,687,200,264,15,32,185,232,4,-1
388,33860,,1085,"Lowndes County, AL",County or equivalent,11299,11299,11270,11147,-29,-123,28,11,41,165,13,154,-57,-136,0,3,-57,-139,0,2
388,33860,,1101,"Montgomery County, AL",County or equivalent,229363,229363,229706,232032,343,2326,218,1149,744,3161,526,2012,129,1175,110,306,19,869,-4,2
396,,,,"Myrtle Beach-Conway-Georgetown, SC",Combined Statistical Area,329449,329449,330784,336331,1335,5547,108,528,925,3755,817,3227,1231,4993,196,664,1035,4329,-4,26
396,23860,,,"Georgetown, SC",Micropolitan Statistical Area,60158,60158,60140,59991,-18,-149,-20,-52,158,652,178,704,7,-95,13,53,-6,-148,-5,-2
396,23860,,45043,"Georgetown County, SC",County or equivalent,60158,60158,60140,59991,-18,-149,-20,-52,158,652,178,704,7,-95,13,53,-6,-148,-5,-2
396,34820,,,"Myrtle Beach-North Myrtle Beach-Conway, SC",Metropolitan Statistical Area,269291,269291,270644,276340,1353,5696,128,580,767,3103,639,2523,1224,5088,183,611,1041,4477,1,28
396,34820,,45051,"Horry County, SC",County or equivalent,269291,269291,270644,276340,1353,5696,128,580,767,3103,639,2523,1224,5088,183,611,1041,4477,1,28
400,,,,"Nashville-Davidson--Murfreesboro--Columbia, TN",Combined Statistical Area,1670890,1670890,1676051,1698651,5161,22600,2656,10176,5691,22669,3035,12493,2478,12375,906,3165,1572,9210,27,49
400,17940,,,"Columbia, TN",Micropolitan Statistical Area,80956,80956,81166,81509,210,343,96,309,280,1114,184,805,117,37,35,150,82,-113,-3,-3
400,17940,,47119,"Maury County, TN",County or equivalent,80956,80956,81166,81509,210,343,96,309,280,1114,184,805,117,37,35,150,82,-113,-3,-3
400,34980,,,"Nashville-Davidson--Murfreesboro--Franklin, TN",Metropolitan Statistical Area,1589934,1589934,1594885,1617142,4951,22257,2560,9867,5411,21555,2851,11688,2361,12338,871,3015,1490,9323,30,52
400,34980,,47015,"Cannon County, TN",County or equivalent,13801,13801,13801,13761,0,-40,-5,-8,29,125,34,133,7,-32,0,0,7,-32,-2,0
400,34980,,47021,"Cheatham County, TN",County or equivalent,39105,39105,39107,39078,2,-29,20,96,110,442,90,346,-18,-125,9,26,-27,-151,0,0
400,34980,,47037,"Davidson County, TN",County or equivalent,626681,626681,628053,635475,1372,7422,1238,4696,2441,9669,1203,4973,132,2748,571,1999,-439,749,2,-22
400,34980,,47043,"Dickson County, TN",County or equivalent,49666,49666,49730,50081,64,351,40,155,144,580,104,425,25,195,8,32,17,163,-1,1
400,34980,,47081,"Hickman County, TN",County or equivalent,24690,24690,24665,24406,-25,-259,-9,-1,65,249,74,250,-16,-261,2,8,-18,-269,0,3
400,34980,,47111,"Macon County, TN",County or equivalent,22248,22248,22295,22485,47,190,8,43,79,310,71,267,39,148,18,76,21,72,0,-1
400,34980,,47147,"Robertson County, TN",County or equivalent,66283,66283,66490,67106,207,616,113,439,246,988,133,549,95,181,33,123,62,58,-1,-4
400,34980,,47149,"Rutherford County, TN",County or equivalent,262604,262604,263769,268921,1165,5152,567,2176,908,3628,341,1452,586,2950,102,298,484,2652,12,26
400,34980,,47159,"Smith County, TN",County or equivalent,19166,19166,19150,19150,-16,0,0,-16,49,194,49,210,-15,16,2,7,-17,9,-1,0
400,34980,,47165,"Sumner County, TN",County or equivalent,160645,160645,161316,163686,671,2370,160,650,487,1964,327,1314,507,1716,35,126,472,1590,4,4
400,34980,,47169,"Trousdale County, TN",County or equivalent,7870,7870,7870,7816,0,-54,11,8,21,88,10,80,-10,-62,0,0,-10,-62,-1,0
400,34980,,47187,"Williamson County, TN",County or equivalent,183182,183182,184080,188560,898,4480,297,1171,507,2019,210,848,591,3275,71,243,520,3032,10,34
400,34980,,47189,"Wilson County, TN",County or equivalent,113993,113993,114559,116617,566,2058,120,458,325,1299,205,841,438,1589,20,77,418,1512,8,11
406,,,,"New Orleans-Metairie-Bogalusa, LA",Combined Statistical Area,1214932,1214932,1220641,1238228,5709,17587,1382,5617,3941,16134,2559,10517,4212,11803,577,1565,3635,10238,115,167
406,14220,,,"Bogalusa, LA",Micropolitan Statistical Area,47168,47168,47069,47139,-99,70,-21,-13,135,576,156,589,-78,87,2,2,-80,85,0,-4
406,14220,,22117,"Washington Parish, LA",County or equivalent,47168,47168,47069,47139,-99,70,-21,-13,135,576,156,589,-78,87,2,2,-80,85,0,-4
406,35380,,,"New Orleans-Metairie-Kenner, LA",Metropolitan Statistical Area,1167764,1167764,1173572,1191089,5808,17517,1403,5630,3806,15558,2403,9928,4290,11716,575,1563,3715,10153,115,171
406,35380,,22051,"Jefferson Parish, LA",County or equivalent,432552,432552,432546,432640,-6,94,443,1838,1409,5779,966,3941,-446,-1741,277,781,-723,-2522,-3,-3
406,35380,,22071,"Orleans Parish, LA",County or equivalent,343829,343829,347907,360740,4078,12833,516,1983,1181,4828,665,2845,3481,10733,183,490,3298,10243,81,117
406,35380,,22075,"Plaquemines Parish, LA",County or equivalent,23042,23042,23134,23628,92,494,41,120,72,296,31,176,50,371,4,3,46,368,1,3
406,35380,,22087,"St. Bernard Parish, LA",County or equivalent,35897,35897,36808,39558,911,2750,71,297,141,569,70,272,819,2419,15,37,804,2382,21,34
406,35380,,22089,"St. Charles Parish, LA",County or equivalent,52780,52780,52791,52517,11,-274,86,308,174,709,88,401,-77,-590,15,68,-92,-658,2,8
406,35380,,22095,"St. John the Baptist Parish, LA",County or equivalent,45924,45924,45795,45221,-129,-574,40,240,150,621,110,381,-174,-827,12,45,-186,-872,5,13
406,35380,,22103,"St. Tammany Parish, LA",County or equivalent,233740,233740,234591,236785,851,2194,206,844,679,2756,473,1912,637,1351,69,139,568,1212,8,-1
408,,,,"New York-Newark-Bridgeport, NY-NJ-CT-PA",Combined Statistical Area,22085649,22085650,22110873,22214083,25223,103210,30966,123186,69539,280422,38573,157236,-5458,-19492,22538,91997,-27996,-111489,-285,-484
408,14860,,,"Bridgeport-Stamford-Norwalk, CT",Metropolitan Statistical Area,916829,916829,918339,925899,1510,7560,1025,4205,2527,10396,1502,6191,524,3423,884,3870,-360,-447,-39,-68
408,14860,,9001,"Fairfield County, CT",County or equivalent,916829,916829,918339,925899,1510,7560,1025,4205,2527,10396,1502,6191,524,3423,884,3870,-360,-447,-39,-68
408,28740,,,"Kingston, NY",Metropolitan Statistical Area,182493,182496,182473,182448,-23,-25,46,108,404,1631,358,1523,-65,-128,78,245,-143,-373,-4,-5
408,28740,,36111,"Ulster County, NY",County or equivalent,182493,182496,182473,182448,-23,-25,46,108,404,1631,358,1523,-65,-128,78,245,-143,-373,-4,-5
408,35300,,,"New Haven-Milford, CT",Metropolitan Statistical Area,862477,862477,862438,861113,-39,-1325,521,1868,2270,9190,1749,7322,-536,-3192,460,1901,-996,-5093,-24,-1
408,35300,,9009,"New Haven County, CT",County or equivalent,862477,862477,862438,861113,-39,-1325,521,1868,2270,9190,1749,7322,-536,-3192,460,1901,-996,-5093,-24,-1
408,35620,,,"New York-Northern New Jersey-Long Island, NY-NJ-PA",Metropolitan Statistical Area,18897109,18897109,18919649,19015900,22540,96251,28129,112336,60868,245327,32739,132991,-5385,-15653,20199,83322,-25584,-98975,-204,-432
408,35620,20764,,"Edison-New Brunswick, NJ",Metropolitan Division,2340249,2340251,2343369,2349499,3118,6130,1869,7620,6712,27422,4843,19802,1293,-1466,2030,7621,-737,-9087,-44,-24
408,35620,20764,34023,"Middlesex County, NJ",County or equivalent,809858,809860,810747,814217,887,3470,992,4267,2404,9813,1412,5546,-114,-820,1168,4727,-1282,-5547,9,23
408,35620,20764,34025,"Monmouth County, NJ",County or equivalent,630380,630380,630920,631020,540,100,257,1078,1535,6295,1278,5217,301,-979,377,1360,-76,-2339,-18,1
408,35620,20764,34029,"Ocean County, NJ",County or equivalent,576567,576567,577624,579369,1057,1745,268,923,1914,7786,1646,6863,814,868,171,493,643,375,-25,-46
408,35620,20764,34035,"Somerset County, NJ",County or equivalent,323444,323444,324078,324893,634,815,352,1352,859,3528,507,2176,292,-535,314,1041,-22,-1576,-10,-2
408,35620,35004,,"Nassau-Suffolk, NY",Metropolitan Division,2832882,2832882,2835421,2843252,2539,7831,2611,9493,7965,31266,5354,21773,8,-1503,736,4046,-728,-5549,-80,-159
408,35620,35004,36059,"Nassau County, NY",County or equivalent,1339532,1339532,1341033,1344436,1501,3403,1114,3922,3684,14420,2570,10498,449,-394,304,1841,145,-2235,-62,-125
408,35620,35004,36103,"Suffolk County, NY",County or equivalent,1493350,1493350,1494388,1498816,1038,4428,1497,5571,4281,16846,2784,11275,-441,-1109,432,2205,-873,-3314,-18,-34
408,35620,35084,,"Newark-Union, NJ-PA",Metropolitan Division,2147727,2147725,2149126,2153014,1401,3888,2278,9685,6062,25038,3784,15353,-855,-5796,2039,7653,-2894,-13449,-22,-1
408,35620,35084,34013,"Essex County, NJ",County or equivalent,783969,783969,784099,785137,130,1038,1035,4747,2477,10491,1442,5744,-920,-3740,948,3696,-1868,-7436,15,31
408,35620,35084,34019,"Hunterdon County, NJ",County or equivalent,128349,128349,128354,128038,5,-316,47,157,239,945,192,788,-40,-475,42,171,-82,-646,-2,2
408,35620,35084,34027,"Morris County, NJ",County or equivalent,492276,492276,492681,494976,405,2295,380,1392,1185,4770,805,3378,36,935,421,1438,-385,-503,-11,-32
408,35620,35084,34037,"Sussex County, NJ",County or equivalent,149265,149265,149198,148517,-67,-681,81,272,345,1368,264,1096,-149,-961,33,92,-182,-1053,1,8
408,35620,35084,34039,"Union County, NJ",County or equivalent,536499,536499,537475,539494,976,2019,722,3065,1701,6991,979,3926,272,-1040,589,2232,-317,-3272,-18,-6
408,35620,35084,42103,"Pike County, PA",County or equivalent,57369,57367,57319,56852,-48,-467,13,52,115,473,102,421,-54,-515,6,24,-60,-539,-7,-4
408,35620,35644,,"New York-White Plains-Wayne, NY-NJ",Metropolitan Division,11576251,11576251,11591733,11670135,15482,78402,21371,85538,40129,161601,18758,76063,-5831,-6888,15394,64002,-21225,-70890,-58,-248
408,35620,35644,34003,"Bergen County, NJ",County or equivalent,905116,905116,906184,911004,1068,4820,522,2263,2157,8910,1635,6647,601,2642,811,3738,-210,-1096,-55,-85
408,35620,35644,34017,"Hudson County, NJ",County or equivalent,634266,634266,634979,641224,713,6245,1107,5278,2084,9057,977,3779,-412,980,1261,5112,-1673,-4132,18,-13
408,35620,35644,34031,"Passaic County, NJ",County or equivalent,501226,501226,501606,502007,380,401,867,3673,1733,7103,866,3430,-495,-3308,547,2022,-1042,-5330,8,36
408,35620,35644,36005,"Bronx County, NY",County or equivalent,1385108,1385108,1387159,1392002,2051,4843,3396,13351,5675,22695,2279,9344,-1397,-8657,2026,8502,-3423,-17159,52,149
408,35620,35644,36047,"Kings County, NY",County or equivalent,2504700,2504700,2508515,2532645,3815,24130,6550,25802,10385,41555,3835,15753,-2756,-1586,3291,14044,-6047,-15630,21,-86
408,35620,35644,36061,"New York County, NY",County or equivalent,1585873,1585873,1587481,1601948,1608,14467,2518,9668,4994,19820,2476,10152,-887,4942,2204,9406,-3091,-4464,-23,-143
408,35620,35644,36079,"Putnam County, NY",County or equivalent,99710,99710,99718,99933,8,215,55,231,217,866,162,635,-47,-12,35,128,-82,-140,0,-4
408,35620,35644,36081,"Queens County, NY",County or equivalent,2230722,2230722,2233895,2247848,3173,13953,4047,16137,7500,30197,3453,14060,-861,-2178,3913,15949,-4774,-18127,-13,-6
408,35620,35644,36085,"Richmond County, NY",County or equivalent,468730,468730,469393,470467,663,1074,526,2150,1424,5643,898,3493,151,-1063,186,539,-35,-1602,-14,-13
408,35620,35644,36087,"Rockland County, NY",County or equivalent,311687,311687,312520,315158,833,2638,708,2778,1204,4828,496,2050,133,-131,302,820,-169,-951,-8,-9
408,35620,35644,36119,"Westchester County, NY",County or equivalent,949113,949113,950283,955899,1170,5616,1075,4207,2756,10927,1681,6720,139,1483,818,3742,-679,-2259,-44,-74
408,39100,,,"Poughkeepsie-Newburgh-Middletown, NY",Metropolitan Statistical Area,670301,670301,671290,672871,989,1581,850,3188,1994,7976,1144,4788,147,-1607,406,934,-259,-2541,-8,0
408,39100,,36027,"Dutchess County, NY",County or equivalent,297488,297488,297739,297999,251,260,180,569,721,2879,541,2310,79,-300,167,439,-88,-739,-8,-9
408,39100,,36071,"Orange County, NY",County or equivalent,372813,372813,373551,374872,738,1321,670,2619,1273,5097,603,2478,68,-1307,239,495,-171,-1802,0,9
408,45860,,,"Torrington, CT",Micropolitan Statistical Area,189927,189927,189751,188789,-176,-962,-23,-151,392,1524,415,1675,-145,-807,64,191,-209,-998,-8,-4
408,45860,,9005,"Litchfield County, CT",County or equivalent,189927,189927,189751,188789,-176,-962,-23,-151,392,1524,415,1675,-145,-807,64,191,-209,-998,-8,-4
408,45940,,,"Trenton-Ewing, NJ",Metropolitan Statistical Area,366513,366511,366933,367063,422,130,418,1632,1084,4378,666,2746,2,-1528,447,1534,-445,-3062,2,26
408,45940,,34021,"Mercer County, NJ",County or equivalent,366513,366511,366933,367063,422,130,418,1632,1084,4378,666,2746,2,-1528,447,1534,-445,-3062,2,26
416,,,,"Oklahoma City-Shawnee, OK",Combined Statistical Area,1322429,1322429,1327757,1348333,5328,20576,2422,9187,4942,19738,2520,10551,2872,11326,700,2248,2172,9078,34,63
416,36420,,,"Oklahoma City, OK",Metropolitan Statistical Area,1252987,1252987,1258111,1278053,5124,19942,2336,8904,4704,18778,2368,9874,2756,10974,694,2228,2062,8746,32,64
416,36420,,40017,"Canadian County, OK",County or equivalent,115541,115541,116318,119492,777,3174,205,785,392,1548,187,763,560,2362,16,66,544,2296,12,27
416,36420,,40027,"Cleveland County, OK",County or equivalent,255755,255757,256932,261281,1175,4349,368,1359,727,2902,359,1543,792,2965,136,376,656,2589,15,25
416,36420,,40051,"Grady County, OK",County or equivalent,52431,52431,52508,53020,77,512,45,182,158,626,113,444,35,332,10,30,25,302,-3,-2
416,36420,,40081,"Lincoln County, OK",County or equivalent,34273,34273,34293,34155,20,-138,16,85,96,395,80,310,6,-220,2,8,4,-228,-2,-3
416,36420,,40083,"Logan County, OK",County or equivalent,41848,41848,42029,42499,181,470,23,134,109,440,86,306,154,335,9,37,145,298,4,1
416,36420,,40087,"McClain County, OK",County or equivalent,34506,34506,34733,35235,227,502,56,212,123,484,67,272,167,288,7,19,160,269,4,2
416,36420,,40109,"Oklahoma County, OK",County or equivalent,718633,718631,721298,732371,2667,11073,1623,6147,3099,12383,1476,6236,1042,4912,514,1692,528,3220,2,14
416,43060,,,"Shawnee, OK",Micropolitan Statistical Area,69442,69442,69646,70280,204,634,86,283,238,960,152,677,116,352,6,20,110,332,2,-1
416,43060,,40125,"Pottawatomie County, OK",County or equivalent,69442,69442,69646,70280,204,634,86,283,238,960,152,677,116,352,6,20,110,332,2,-1
420,,,,"Omaha-Council Bluffs-Fremont, NE-IA",Combined Statistical Area,902041,902041,904782,913883,2741,9101,1731,7270,3351,13710,1620,6440,1013,1860,439,1403,574,457,-3,-29
420,23340,,,"Fremont, NE",Micropolitan Statistical Area,36691,36691,36685,36773,-6,88,13,87,121,491,108,404,-18,4,5,27,-23,-23,-1,-3
420,23340,,31053,"Dodge County, NE",County or equivalent,36691,36691,36685,36773,-6,88,13,87,121,491,108,404,-18,4,5,27,-23,-23,-1,-3
420,36540,,,"Omaha-Council Bluffs, NE-IA",Metropolitan Statistical Area,865350,865350,868097,877110,2747,9013,1718,7183,3230,13219,1512,6036,1031,1856,434,1376,597,480,-2,-26
420,36540,,19085,"Harrison County, IA",County or equivalent,14928,14928,14922,14828,-6,-94,2,-30,38,160,36,190,-8,-64,2,9,-10,-73,0,0
420,36540,,19129,"Mills County, IA",County or equivalent,15059,15059,15060,14992,1,-68,10,19,41,157,31,138,-8,-86,0,4,-8,-90,-1,-1
420,36540,,19155,"Pottawattamie County, IA",County or equivalent,93158,93158,93385,93518,227,133,88,380,320,1299,232,919,140,-246,13,56,127,-302,-1,-1
420,36540,,31025,"Cass County, NE",County or equivalent,25241,25241,25264,25188,23,-76,4,39,72,280,68,241,21,-115,2,3,19,-118,-2,0
420,36540,,31055,"Douglas County, NE",County or equivalent,517110,517110,518643,524861,1533,6218,1141,4823,2014,8277,873,3454,398,1419,332,1175,66,244,-6,-24
420,36540,,31153,"Sarpy County, NE",County or equivalent,158840,158840,159687,162561,847,2874,433,1828,629,2578,196,750,407,1044,84,126,323,918,7,2
420,36540,,31155,"Saunders County, NE",County or equivalent,20780,20780,20864,20867,84,3,28,93,66,268,38,175,54,-89,0,-2,54,-87,2,-1
420,36540,,31177,"Washington County, NE",County or equivalent,20234,20234,20272,20295,38,23,12,31,50,200,38,169,27,-7,1,5,26,-12,-1,-1
422,,,,"Orlando-Deltona-Daytona Beach, FL",Combined Statistical Area,2818120,2818124,2824606,2861296,6482,36690,2240,9721,7796,32148,5556,22427,4326,26992,2869,10519,1457,16473,-84,-23
422,19660,,,"Deltona-Daytona Beach-Ormond Beach, FL",Metropolitan Statistical Area,494593,494597,494652,494804,55,152,-330,-1100,1127,4785,1457,5885,426,1297,209,503,217,794,-41,-45
422,19660,,12127,"Volusia County, FL",County or equivalent,494593,494597,494652,494804,55,152,-330,-1100,1127,4785,1457,5885,426,1297,209,503,217,794,-41,-45
422,36740,,,"Orlando-Kissimmee-Sanford, FL",Metropolitan Statistical Area,2134411,2134411,2139615,2171360,5204,31745,2751,11557,6358,26060,3607,14503,2468,20161,2593,9767,-125,10394,-15,27
422,36740,,12069,"Lake County, FL",County or equivalent,297052,297052,297875,301019,823,3144,-112,-367,737,3053,849,3420,956,3516,150,434,806,3082,-21,-5
422,36740,,12095,"Orange County, FL",County or equivalent,1145956,1145956,1148787,1169107,2831,20320,2018,8397,3663,14981,1645,6584,798,11893,1567,6422,-769,5471,15,30
422,36740,,12097,"Osceola County, FL",County or equivalent,268685,268685,269742,276163,1057,6421,502,2115,894,3706,392,1591,559,4283,567,2049,-8,2234,-4,23
422,36740,,12117,"Seminole County, FL",County or equivalent,422718,422718,423211,425071,493,1860,343,1412,1064,4320,721,2908,155,469,309,862,-154,-393,-5,-21
422,37380,,,"Palm Coast, FL",Metropolitan Statistical Area,95696,95696,96019,97376,323,1357,-30,-99,203,854,233,953,357,1450,36,117,321,1333,-4,6
422,37380,,12035,"Flagler County, FL",County or equivalent,95696,95696,96019,97376,323,1357,-30,-99,203,854,233,953,357,1450,36,117,321,1333,-4,6
422,45540,,,"The Villages, FL",Micropolitan Statistical Area,93420,93420,94320,97756,900,3436,-151,-637,108,449,259,1086,1075,4084,31,132,1044,3952,-24,-11
422,45540,,12119,"Sumter County, FL",County or equivalent,93420,93420,94320,97756,900,3436,-151,-637,108,449,259,1086,1075,4084,31,132,1044,3952,-24,-11
424,,,,"Paducah-Mayfield, KY-IL",Combined Statistical Area,135883,135883,135965,136609,82,644,2,15,407,1658,405,1643,85,631,24,102,61,529,-5,-2
424,32460,,,"Mayfield, KY",Micropolitan Statistical Area,37121,37121,37195,37519,74,324,13,98,126,516,113,418,62,227,18,74,44,153,-1,-1
424,32460,,21083,"Graves County, KY",County or equivalent,37121,37121,37195,37519,74,324,13,98,126,516,113,418,62,227,18,74,44,153,-1,-1
424,37140,,,"Paducah, KY-IL",Micropolitan Statistical Area,98762,98762,98770,99090,8,320,-11,-83,281,1142,292,1225,23,404,6,28,17,376,-4,-1
424,37140,,17127,"Massac County, IL",County or equivalent,15429,15429,15438,15442,9,4,0,20,51,201,51,181,11,-15,1,4,10,-19,-2,-1
424,37140,,21007,"Ballard County, KY",County or equivalent,8249,8249,8263,8253,14,-10,-1,-11,23,96,24,107,14,2,0,2,14,0,1,-1
424,37140,,21139,"Livingston County, KY",County or equivalent,9519,9519,9542,9531,23,-11,-2,-25,23,102,25,127,25,13,0,1,25,12,0,1
424,37140,,21145,"McCracken County, KY",County or equivalent,65565,65565,65527,65864,-38,337,-8,-67,184,743,192,810,-27,404,5,21,-32,383,-3,0
426,,,,"Peoria-Canton, IL",Combined Statistical Area,416255,416255,416018,416518,-237,500,323,1169,1326,5310,1003,4141,-553,-649,75,317,-628,-966,-7,-20
426,15900,,,"Canton, IL",Micropolitan Statistical Area,37069,37069,37061,36962,-8,-99,-24,-101,91,370,115,471,18,5,1,8,17,-3,-2,-3
426,15900,,17057,"Fulton County, IL",County or equivalent,37069,37069,37061,36962,-8,-99,-24,-101,91,370,115,471,18,5,1,8,17,-3,-2,-3
426,37900,,,"Peoria, IL",Metropolitan Statistical Area,379186,379186,378957,379556,-229,599,347,1270,1235,4940,888,3670,-571,-654,74,309,-645,-963,-5,-17
426,37900,,17123,"Marshall County, IL",County or equivalent,12640,12640,12633,12533,-7,-100,1,-25,33,135,32,160,-7,-75,2,11,-9,-86,-1,0
426,37900,,17143,"Peoria County, IL",County or equivalent,186494,186494,186284,186834,-210,550,268,1026,685,2722,417,1696,-484,-470,63,246,-547,-716,6,-6
426,37900,,17175,"Stark County, IL",County or equivalent,5994,5994,5937,5667,-57,-270,-2,-33,12,49,14,82,-52,-237,0,4,-52,-241,-3,0
426,37900,,17179,"Tazewell County, IL",County or equivalent,135394,135394,135439,135661,45,222,55,195,384,1540,329,1345,-4,36,3,23,-7,13,-6,-9
426,37900,,17203,"Woodford County, IL",County or equivalent,38664,38664,38664,38861,0,197,25,107,121,494,96,387,-24,92,6,25,-30,67,-1,-2
428,,,,"Philadelphia-Camden-Vineland, PA-NJ-DE-MD",Combined Statistical Area,6533683,6533680,6540922,6562287,7242,21365,6556,25155,20443,81666,13887,56511,795,-3572,3523,12439,-2728,-16011,-109,-218
428,37980,,,"Philadelphia-Camden-Wilmington, PA-NJ-DE-MD",Metropolitan Statistical Area,5965343,5965343,5971589,5992414,6246,20825,5925,22769,18619,74382,12694,51613,436,-1720,3205,11413,-2769,-13133,-115,-224
428,37980,15804,,"Camden, NJ",Metropolitan Division,1250679,1250679,1251277,1251921,598,644,959,4199,3520,14477,2561,10278,-343,-3543,664,1693,-1007,-5236,-18,-12
428,37980,15804,34005,"Burlington County, NJ",County or equivalent,448734,448734,449119,449576,385,457,229,1059,1116,4658,887,3599,175,-580,252,500,-77,-1080,-19,-22
428,37980,15804,34007,"Camden County, NJ",County or equivalent,513657,513657,513601,513241,-56,-360,533,2302,1623,6652,1090,4350,-597,-2683,355,1122,-952,-3805,8,21
428,37980,15804,34015,"Gloucester County, NJ",County or equivalent,288288,288288,288557,289104,269,547,197,838,781,3167,584,2329,79,-280,57,71,22,-351,-7,-11
428,37980,37964,,"Philadelphia, PA",Metropolitan Division,4008994,4008994,4014100,4030926,5106,16826,4176,15615,12943,51261,8767,35646,1022,1391,2111,8274,-1089,-6883,-92,-180
428,37980,37964,42017,"Bucks County, PA",County or equivalent,625249,625249,625618,626854,369,1236,295,915,1568,6195,1273,5280,97,359,154,537,-57,-178,-23,-38
428,37980,37964,42029,"Chester County, PA",County or equivalent,498886,498886,500438,503897,1552,3459,591,2241,1460,5761,869,3520,956,1249,232,716,724,533,5,-31
428,37980,37964,42045,"Delaware County, PA",County or equivalent,558979,558979,559488,559494,509,6,417,1560,1720,6827,1303,5267,107,-1562,306,858,-199,-2420,-15,8
428,37980,37964,42091,"Montgomery County, PA",County or equivalent,799874,799874,800482,804210,608,3728,547,2021,2317,9129,1770,7108,91,1768,254,1120,-163,648,-30,-61
428,37980,37964,42101,"Philadelphia County, PA",County or equivalent,1526006,1526006,1528074,1536471,2068,8397,2326,8878,5878,23349,3552,14471,-229,-423,1165,5043,-1394,-5466,-29,-58
428,37980,48864,,"Wilmington, DE-MD-NJ",Metropolitan Division,705670,705670,706212,709567,542,3355,790,2955,2156,8644,1366,5689,-243,432,430,1446,-673,-1014,-5,-32
428,37980,48864,10003,"New Castle County, DE",County or equivalent,538479,538479,539007,541971,528,2964,680,2588,1676,6712,996,4124,-151,400,395,1302,-546,-902,-1,-24
428,37980,48864,24015,"Cecil County, MD",County or equivalent,101108,101108,101209,101694,101,485,86,319,286,1165,200,846,17,170,24,100,-7,70,-2,-4
428,37980,48864,34033,"Salem County, NJ",County or equivalent,66083,66083,65996,65902,-87,-94,24,48,194,767,170,719,-109,-138,11,44,-120,-182,-2,-4
428,39740,,,"Reading, PA",Metropolitan Statistical Area,411442,411439,412478,412778,1039,300,391,1449,1254,4987,863,3538,648,-1149,188,569,460,-1718,0,0
428,39740,,42011,"Berks County, PA",County or equivalent,411442,411439,412478,412778,1039,300,391,1449,1254,4987,863,3538,648,-1149,188,569,460,-1718,0,0
428,47220,,,"Vineland-Millville-Bridgeton, NJ",Metropolitan Statistical Area,156898,156898,156855,157095,-43,240,240,937,570,2297,330,1360,-289,-703,130,457,-419,-1160,6,6
428,47220,,34011,"Cumberland County, NJ",County or equivalent,156898,156898,156855,157095,-43,240,240,937,570,2297,330,1360,-289,-703,130,457,-419,-1160,6,6
430,,,,"Pittsburgh-New Castle, PA",Combined Statistical Area,2447393,2447393,2448926,2450281,1533,1355,-651,-3423,6246,24630,6897,28053,2264,4893,389,1459,1875,3434,-80,-115
430,35260,,,"New Castle, PA",Micropolitan Statistical Area,91108,91108,90975,90535,-133,-440,-47,-163,237,940,284,1103,-83,-273,10,33,-93,-306,-3,-4
430,35260,,42073,"Lawrence County, PA",County or equivalent,91108,91108,90975,90535,-133,-440,-47,-163,237,940,284,1103,-83,-273,10,33,-93,-306,-3,-4
430,38300,,,"Pittsburgh, PA",Metropolitan Statistical Area,2356285,2356285,2357951,2359746,1666,1795,-604,-3260,6009,23690,6613,26950,2347,5166,379,1426,1968,3740,-77,-111
430,38300,,42003,"Allegheny County, PA",County or equivalent,1223348,1223348,1224833,1227066,1485,2233,-31,-695,3291,12903,3322,13598,1540,2984,295,1361,1245,1623,-24,-56
430,38300,,42005,"Armstrong County, PA",County or equivalent,68941,68942,68894,68568,-48,-326,-44,-202,174,679,218,881,1,-122,5,24,-4,-146,-5,-2
430,38300,,42007,"Beaver County, PA",County or equivalent,170539,170539,170701,170414,162,-287,-77,-339,434,1724,511,2063,242,64,10,9,232,55,-3,-12
430,38300,,42019,"Butler County, PA",County or equivalent,183862,183862,184037,184848,175,811,14,1,450,1788,436,1787,171,822,19,27,152,795,-10,-12
430,38300,,42051,"Fayette County, PA",County or equivalent,136606,136606,136498,136097,-108,-401,-127,-491,330,1332,457,1823,27,98,11,40,16,58,-8,-8
430,38300,,42125,"Washington County, PA",County or equivalent,207820,207820,207903,208282,83,379,-99,-433,506,2024,605,2457,190,817,9,-8,181,825,-8,-5
430,38300,,42129,"Westmoreland County, PA",County or equivalent,365169,365168,365085,364471,-83,-614,-240,-1101,824,3240,1064,4341,176,503,30,-27,146,530,-19,-16
438,,,,"Portland-Lewiston-South Portland, ME",Combined Statistical Area,621800,621804,621416,623205,-388,1789,187,856,1572,6285,1385,5429,-569,944,153,317,-722,627,-6,-11
438,30340,,,"Lewiston-Auburn, ME",Metropolitan Statistical Area,107702,107704,107675,107398,-29,-277,86,345,328,1331,242,986,-115,-626,37,114,-152,-740,0,4
438,30340,,23001,"Androscoggin County, ME",County or equivalent,107702,107704,107675,107398,-29,-277,86,345,328,1331,242,986,-115,-626,37,114,-152,-740,0,4
438,38860,,,"Portland-South Portland-Biddeford, ME",Metropolitan Statistical Area,514098,514100,513741,515807,-359,2066,101,511,1244,4954,1143,4443,-454,1570,116,203,-570,1367,-6,-15
438,38860,,23005,"Cumberland County, ME",County or equivalent,281674,281676,281386,282401,-290,1015,83,345,688,2720,605,2375,-376,686,96,204,-472,482,3,-16
438,38860,,23023,"Sagadahoc County, ME",County or equivalent,35293,35293,35205,35207,-88,2,-11,22,87,379,98,357,-76,-18,3,7,-79,-25,-1,-2
438,38860,,23031,"York County, ME",County or equivalent,197131,197131,197150,198199,19,1049,29,144,469,1855,440,1711,-2,902,17,-8,-19,910,-8,3
442,,,,"Port St. Lucie-Sebastian-Vero Beach, FL",Combined Statistical Area,562135,562135,563488,566768,1353,3280,-177,-677,1332,5491,1509,6168,1564,3996,339,1180,1225,2816,-34,-39
442,38940,,,"Port St. Lucie, FL",Metropolitan Statistical Area,424107,424107,425220,427874,1113,2654,-77,-213,1020,4225,1097,4438,1211,2896,261,908,950,1988,-21,-29
442,38940,,12085,"Martin County, FL",County or equivalent,146318,146318,146488,147495,170,1007,-125,-533,292,1173,417,1706,310,1542,94,360,216,1182,-15,-2
442,38940,,12111,"St. Lucie County, FL",County or equivalent,277789,277789,278732,280379,943,1647,48,320,728,3052,680,2732,901,1354,167,548,734,806,-6,-27
442,42680,,,"Sebastian-Vero Beach, FL",Metropolitan Statistical Area,138028,138028,138268,138894,240,626,-100,-464,312,1266,412,1730,353,1100,78,272,275,828,-13,-10
442,42680,,12061,"Indian River County, FL",County or equivalent,138028,138028,138268,138894,240,626,-100,-464,312,1266,412,1730,353,1100,78,272,275,828,-13,-10
450,,,,"Raleigh-Durham-Cary, NC",Combined Statistical Area,1749525,1749525,1758948,1795750,9423,36802,3369,13676,5881,23869,2512,10193,5942,22977,1477,5666,4465,17311,112,149
450,20380,,,"Dunn, NC",Micropolitan Statistical Area,114678,114678,115789,119256,1111,3467,213,861,427,1728,214,867,874,2571,81,200,793,2371,24,35
450,20380,,37085,"Harnett County, NC",County or equivalent,114678,114678,115789,119256,1111,3467,213,861,427,1728,214,867,874,2571,81,200,793,2371,24,35
450,20500,,,"Durham-Chapel Hill, NC",Metropolitan Statistical Area,504357,504357,505862,512979,1505,7117,808,3207,1617,6582,809,3375,692,3916,612,2238,80,1678,5,-6
450,20500,,37037,"Chatham County, NC",County or equivalent,63505,63505,63803,64195,298,392,23,67,159,650,136,583,273,328,68,246,205,82,2,-3
450,20500,,37063,"Durham County, NC",County or equivalent,267587,267587,268411,273392,824,4981,629,2558,1052,4248,423,1690,192,2423,355,1321,-163,1102,3,0
450,20500,,37135,"Orange County, NC",County or equivalent,133801,133801,134200,135755,399,1555,148,552,300,1238,152,686,250,1005,181,640,69,365,1,-2
450,20500,,37145,"Person County, NC",County or equivalent,39464,39464,39448,39637,-16,189,8,30,106,446,98,416,-23,160,8,31,-31,129,-1,-1
450,39580,,,"Raleigh-Cary, NC",Metropolitan Statistical Area,1130490,1130490,1137297,1163515,6807,26218,2348,9608,3837,15559,1489,5951,4376,16490,784,3228,3592,13262,83,120
450,39580,,37069,"Franklin County, NC",County or equivalent,60619,60619,60835,61140,216,305,35,150,166,647,131,497,179,160,16,56,163,104,2,-5
450,39580,,37101,"Johnston County, NC",County or equivalent,168878,168878,169674,172595,796,2921,255,1110,554,2290,299,1180,529,1796,64,248,465,1548,12,15
450,39580,,37183,"Wake County, NC",County or equivalent,900993,900993,906788,929780,5795,22992,2058,8348,3117,12622,1059,4274,3668,14534,704,2924,2964,11610,69,110
456,,,,"Reno-Sparks-Fernley, NV",Combined Statistical Area,477397,477397,478436,481477,1039,3041,661,2456,1534,6056,873,3600,393,605,367,1230,26,-625,-15,-20
456,22280,,,"Fernley, NV",Micropolitan Statistical Area,51980,51980,52112,51871,132,-241,26,105,147,583,121,478,111,-350,35,142,76,-492,-5,4
456,22280,,32019,"Lyon County, NV",County or equivalent,51980,51980,52112,51871,132,-241,26,105,147,583,121,478,111,-350,35,142,76,-492,-5,4
456,39900,,,"Reno-Sparks, NV",Metropolitan Statistical Area,425417,425417,426324,429606,907,3282,635,2351,1387,5473,752,3122,282,955,332,1088,-50,-133,-10,-24
456,39900,,32029,"Storey County, NV",County or equivalent,4010,4010,3996,3896,-14,-100,3,8,4,25,1,17,-17,-108,0,-1,-17,-107,0,0
456,39900,,32031,"Washoe County, NV",County or equivalent,421407,421407,422328,425710,921,3382,632,2343,1383,5448,751,3105,299,1063,332,1089,-33,-26,-10,-24
464,,,,"Rochester-Batavia-Seneca Falls, NY",Combined Statistical Area,1149653,1149650,1150009,1150469,359,460,766,2716,3186,12495,2420,9779,-385,-2242,316,1273,-701,-3515,-22,-14
464,12860,,,"Batavia, NY",Micropolitan Statistical Area,60079,60079,60080,59993,1,-87,3,36,163,645,160,609,1,-122,6,29,-5,-151,-3,-1
464,12860,,36037,"Genesee County, NY",County or equivalent,60079,60079,60080,59993,1,-87,3,36,163,645,160,609,1,-122,6,29,-5,-151,-3,-1
464,40380,,,"Rochester, NY",Metropolitan Statistical Area,1054323,1054323,1054723,1055278,400,555,758,2650,2931,11493,2173,8843,-340,-2085,308,1235,-648,-3320,-18,-10
464,40380,,36051,"Livingston County, NY",County or equivalent,65393,65393,65349,65070,-44,-279,12,67,141,557,129,490,-55,-348,3,29,-58,-377,-1,2
464,40380,,36055,"Monroe County, NY",County or equivalent,744344,744344,744635,745625,291,990,654,2246,2153,8440,1499,6194,-352,-1243,268,1042,-620,-2285,-11,-13
464,40380,,36069,"Ontario County, NY",County or equivalent,107931,107931,108095,108525,164,430,25,47,263,1020,238,973,142,388,21,86,121,302,-3,-5
464,40380,,36073,"Orleans County, NY",County or equivalent,42883,42883,42861,42622,-22,-239,-7,27,104,429,111,402,-14,-267,6,30,-20,-297,-1,1
464,40380,,36117,"Wayne County, NY",County or equivalent,93772,93772,93783,93436,11,-347,74,263,270,1047,196,784,-61,-615,10,48,-71,-663,-2,5
464,42900,,,"Seneca Falls, NY",Micropolitan Statistical Area,35251,35248,35206,35198,-42,-8,5,30,92,357,87,327,-46,-35,2,9,-48,-44,-1,-3
464,42900,,36099,"Seneca County, NY",County or equivalent,35251,35248,35206,35198,-42,-8,5,30,92,357,87,327,-46,-35,2,9,-48,-44,-1,-3
466,,,,"Rockford-Freeport-Rochelle, IL",Combined Statistical Area,450639,450639,450469,449038,-170,-1431,418,1625,1378,5504,960,3879,-594,-3086,145,400,-739,-3486,6,30
466,23300,,,"Freeport, IL",Micropolitan Statistical Area,47711,47711,47697,47563,-14,-134,-3,-12,133,517,136,529,-7,-122,7,25,-14,-147,-4,0
466,23300,,17177,"Stephenson County, IL",County or equivalent,47711,47711,47697,47563,-14,-134,-3,-12,133,517,136,529,-7,-122,7,25,-14,-147,-4,0
466,40300,,,"Rochelle, IL",Micropolitan Statistical Area,53497,53497,53454,53115,-43,-339,15,90,130,546,115,456,-57,-433,1,6,-58,-439,-1,4
466,40300,,17141,"Ogle County, IL",County or equivalent,53497,53497,53454,53115,-43,-339,15,90,130,546,115,456,-57,-433,1,6,-58,-439,-1,4
466,40420,,,"Rockford, IL",Metropolitan Statistical Area,349431,349431,349318,348360,-113,-958,406,1547,1115,4441,709,2894,-530,-2531,137,369,-667,-2900,11,26
466,40420,,17007,"Boone County, IL",County or equivalent,54165,54167,54176,54367,9,191,75,292,153,599,78,307,-68,-100,18,70,-86,-170,2,-1
466,40420,,17201,"Winnebago County, IL",County or equivalent,295266,295264,295142,293993,-122,-1149,331,1255,962,3842,631,2587,-462,-2431,119,299,-581,-2730,9,27
472,,,,"Sacramento--Arden-Arcade--Yuba City, CA-NV",Combined Statistical Area,2461780,2461780,2467572,2489230,5792,21658,3491,13940,7744,31299,4253,17359,2323,7751,1792,6872,531,879,-22,-33
472,23820,,,"Gardnerville Ranchos, NV",Micropolitan Statistical Area,46997,46997,47001,46886,4,-115,-17,-62,97,379,114,441,24,-48,8,37,16,-85,-3,-5
472,23820,,32005,"Douglas County, NV",County or equivalent,46997,46997,47001,46886,4,-115,-17,-62,97,379,114,441,24,-48,8,37,16,-85,-3,-5
472,40900,,,"Sacramento--Arden-Arcade--Roseville, CA",Metropolitan Statistical Area,2149127,2149127,2154583,2176235,5456,21652,3159,12659,6835,27593,3676,14934,2310,9029,1559,6173,751,2856,-13,-36
472,40900,,6017,"El Dorado County, CA",County or equivalent,181058,181058,181151,180938,93,-213,80,286,404,1634,324,1348,19,-495,40,75,-21,-570,-6,-4
472,40900,,6061,"Placer County, CA",County or equivalent,348432,348432,350233,357138,1801,6905,322,1181,950,3746,628,2565,1472,5691,194,501,1278,5190,7,33
472,40900,,6067,"Sacramento County, CA",County or equivalent,1418788,1418788,1422094,1436105,3306,14011,2433,9913,4885,19811,2452,9898,894,4168,1116,4938,-222,-770,-21,-70
472,40900,,6113,"Yolo County, CA",County or equivalent,200849,200849,201105,202054,256,949,324,1279,596,2402,272,1123,-75,-335,209,659,-284,-994,7,5
472,46020,,,"Truckee-Grass Valley, CA",Micropolitan Statistical Area,98764,98764,98765,98612,1,-153,-11,-74,197,761,208,835,19,-69,15,65,4,-134,-7,-10
472,46020,,6057,"Nevada County, CA",County or equivalent,98764,98764,98765,98612,1,-153,-11,-74,197,761,208,835,19,-69,15,65,4,-134,-7,-10
472,49700,,,"Yuba City, CA",Metropolitan Statistical Area,166892,166892,167223,167497,331,274,360,1417,615,2566,255,1149,-30,-1161,210,597,-240,-1758,1,18
472,49700,,6101,"Sutter County, CA",County or equivalent,94737,94737,94859,94919,122,60,182,670,323,1363,141,693,-62,-624,144,461,-206,-1085,2,14
472,49700,,6115,"Yuba County, CA",County or equivalent,72155,72155,72364,72578,209,214,178,747,292,1203,114,456,32,-537,66,136,-34,-673,-1,4
474,,,,"Saginaw-Bay City-Saginaw Township North, MI",Combined Statistical Area,307940,307940,307674,306198,-266,-1476,134,403,897,3504,763,3101,-397,-1891,32,131,-429,-2022,-3,12
474,13020,,,"Bay City, MI",Metropolitan Statistical Area,107771,107771,107715,107110,-56,-605,11,21,292,1142,281,1121,-62,-628,9,35,-71,-663,-5,2
474,13020,,26017,"Bay County, MI",County or equivalent,107771,107771,107715,107110,-56,-605,11,21,292,1142,281,1121,-62,-628,9,35,-71,-663,-5,2
474,40980,,,"Saginaw-Saginaw Township North, MI",Metropolitan Statistical Area,200169,200169,199959,199088,-210,-871,123,382,605,2362,482,1980,-335,-1263,23,96,-358,-1359,2,10
474,40980,,26145,"Saginaw County, MI",County or equivalent,200169,200169,199959,199088,-210,-871,123,382,605,2362,482,1980,-335,-1263,23,96,-358,-1359,2,10
476,,,,"St. Louis-St. Charles-Farmington, MO-IL",Combined Statistical Area,2878255,2878255,2880218,2882932,1963,2714,2579,10295,8839,35595,6260,25300,-584,-7542,846,2677,-1430,-10219,-32,-39
476,22100,,,"Farmington, MO",Micropolitan Statistical Area,65359,65364,65496,65577,132,81,-7,39,182,762,189,723,138,47,4,6,134,41,1,-5
476,22100,,29187,"St. Francois County, MO",County or equivalent,65359,65364,65496,65577,132,81,-7,39,182,762,189,723,138,47,4,6,134,41,1,-5
476,41180,,,"St. Louis, MO-IL",Metropolitan Statistical Area,2812896,2812891,2814722,2817355,1831,2633,2586,10256,8657,34833,6071,24577,-722,-7589,842,2671,-1564,-10260,-33,-34
476,41180,,17005,"Bond County, IL",County or equivalent,17768,17768,17777,17727,9,-50,7,15,49,189,42,174,3,-63,2,10,1,-73,-1,-2
476,41180,,17013,"Calhoun County, IL",County or equivalent,5089,5089,5093,5048,4,-45,7,-7,14,54,7,61,-2,-39,0,3,-2,-42,-1,1
476,41180,,17027,"Clinton County, IL",County or equivalent,37762,37762,37838,37956,76,118,10,59,99,407,89,348,66,60,4,15,62,45,0,-1
476,41180,,17083,"Jersey County, IL",County or equivalent,22985,22985,22963,22916,-22,-47,0,23,55,217,55,194,-21,-70,1,10,-22,-80,-1,0
476,41180,,17117,"Macoupin County, IL",County or equivalent,47765,47765,47791,47687,26,-104,-35,-102,119,481,154,583,62,1,3,14,59,-13,-1,-3
476,41180,,17119,"Madison County, IL",County or equivalent,269282,269282,269314,268459,32,-855,170,580,805,3196,635,2616,-134,-1443,43,30,-177,-1473,-4,8
476,41180,,17133,"Monroe County, IL",County or equivalent,32957,32957,33009,33306,52,297,14,71,89,348,75,277,40,227,1,4,39,223,-2,-1
476,41180,,17163,"St. Clair County, IL",County or equivalent,270056,270056,270399,270259,343,-140,300,1165,910,3641,610,2476,49,-1314,112,157,-63,-1471,-6,9
476,41180,,29071,"Franklin County, MO",County or equivalent,101492,101493,101543,101938,50,395,90,346,311,1260,221,914,-38,57,2,19,-40,38,-2,-8
476,41180,,29099,"Jefferson County, MO",County or equivalent,218733,218728,219056,219480,328,424,219,947,668,2733,449,1786,112,-520,22,-21,90,-499,-3,-3
476,41180,,29113,"Lincoln County, MO",County or equivalent,52566,52566,52686,53076,120,390,74,366,179,748,105,382,45,28,5,20,40,8,1,-4
476,41180,,29183,"St. Charles County, MO",County or equivalent,360485,360485,361725,365151,1240,3426,606,2410,1132,4529,526,2119,634,1041,97,189,537,852,0,-25
476,41180,,29189,"St. Louis County, MO",County or equivalent,998954,998954,998772,998692,-182,-80,659,2314,2875,11411,2216,9097,-825,-2380,304,1396,-1129,-3776,-16,-14
476,41180,,29219,"Warren County, MO",County or equivalent,32513,32513,32557,32515,44,-42,27,155,101,425,74,270,18,-198,0,4,18,-202,-1,1
476,41180,,29221,"Washington County, MO",County or equivalent,25195,25194,25191,25076,-3,-115,1,45,72,299,71,254,-4,-159,0,0,-4,-159,0,-1
476,41180,,29510,"St. Louis city, MO",County or equivalent,319294,319294,319008,318069,-286,-939,437,1869,1179,4895,742,3026,-727,-2817,246,821,-973,-3638,4,9
480,,,,"Salisbury-Ocean Pines, MD",Combined Statistical Area,176657,176657,176789,177043,132,254,47,150,472,1938,425,1788,93,108,84,332,9,-224,-8,-4
480,36180,,,"Ocean Pines, MD",Micropolitan Statistical Area,51454,51454,51464,51514,10,50,-37,-172,105,429,142,601,51,225,25,88,26,137,-4,-3
480,36180,,24047,"Worcester County, MD",County or equivalent,51454,51454,51464,51514,10,50,-37,-172,105,429,142,601,51,225,25,88,26,137,-4,-3
480,41540,,,"Salisbury, MD",Metropolitan Statistical Area,125203,125203,125325,125529,122,204,84,322,367,1509,283,1187,42,-117,59,244,-17,-361,-4,-1
480,41540,,24039,"Somerset County, MD",County or equivalent,26470,26470,26495,26339,25,-156,0,-10,64,250,64,260,26,-147,8,25,18,-172,-1,1
480,41540,,24045,"Wicomico County, MD",County or equivalent,98733,98733,98830,99190,97,360,84,332,303,1259,219,927,16,30,51,219,-35,-189,-3,-2
482,,,,"Salt Lake City-Ogden-Clearfield, UT",Combined Statistical Area,1744886,1744886,1751692,1776528,6806,24836,5514,21733,7784,30972,2270,9239,1269,3141,987,3692,282,-551,23,-38
482,14940,,,"Brigham City, UT",Micropolitan Statistical Area,49975,49975,50175,50290,200,115,158,597,219,907,61,310,42,-488,14,57,28,-545,0,6
482,14940,,49003,"Box Elder County, UT",County or equivalent,49975,49975,50175,50290,200,115,158,597,219,907,61,310,42,-488,14,57,28,-545,0,6
482,25720,,,"Heber, UT",Micropolitan Statistical Area,23530,23530,23702,24417,172,715,80,274,95,379,15,105,90,435,12,48,78,387,2,6
482,25720,,49051,"Wasatch County, UT",County or equivalent,23530,23530,23702,24417,172,715,80,274,95,379,15,105,90,435,12,48,78,387,2,6
482,36260,,,"Ogden-Clearfield, UT",Metropolitan Statistical Area,547184,547184,549546,555916,2362,6370,1800,7188,2525,10055,725,2867,555,-811,231,497,324,-1308,7,-7
482,36260,,49011,"Davis County, UT",County or equivalent,306479,306479,307806,311811,1327,4005,1110,4433,1469,5812,359,1379,215,-421,94,89,121,-510,2,-7
482,36260,,49029,"Morgan County, UT",County or equivalent,9469,9469,9524,9685,55,161,35,125,39,160,4,35,20,37,1,4,19,33,0,-1
482,36260,,49057,"Weber County, UT",County or equivalent,231236,231236,232216,234420,980,2204,655,2630,1017,4083,362,1453,320,-427,136,404,184,-831,5,1
482,41620,,,"Salt Lake City, UT",Metropolitan Statistical Area,1124197,1124197,1128269,1145905,4072,17636,3476,13674,4945,19631,1469,5957,582,4005,730,3090,-148,915,14,-43
482,41620,,49035,"Salt Lake County, UT",County or equivalent,1029655,1029655,1033223,1048985,3568,15762,3215,12561,4582,18109,1367,5548,345,3250,679,2882,-334,368,8,-49
482,41620,,49043,"Summit County, UT",County or equivalent,36324,36324,36533,37594,209,1061,96,372,111,500,15,128,111,681,46,176,65,505,2,8
482,41620,,49045,"Tooele County, UT",County or equivalent,58218,58218,58513,59326,295,813,165,741,252,1022,87,281,126,74,5,32,121,42,4,-2
488,,,,"San Jose-San Francisco-Oakland, CA",Combined Statistical Area,7468390,7468390,7483725,7563460,15335,79735,10807,45113,22480,91768,11673,46655,4541,34910,7966,32444,-3425,2466,-13,-288
488,34900,,,"Napa, CA",Metropolitan Statistical Area,136484,136484,136840,138088,356,1248,93,356,376,1565,283,1209,264,897,151,576,113,321,-1,-5
488,34900,,6055,"Napa County, CA",County or equivalent,136484,136484,136840,138088,356,1248,93,356,376,1565,283,1209,264,897,151,576,113,321,-1,-5
488,41860,,,"San Francisco-Oakland-Fremont, CA",Metropolitan Statistical Area,4335391,4335391,4343381,4391037,7990,47656,5735,23939,12720,51720,6985,27781,2248,23876,4309,17996,-2061,5880,7,-159
488,41860,36084,,"Oakland-Fremont-Hayward, CA",Metropolitan Division,2559296,2559296,2565648,2595971,6352,30323,3716,15672,7731,31661,4015,15989,2600,14717,2457,10320,143,4397,36,-66
488,41860,36084,6001,"Alameda County, CA",County or equivalent,1510271,1510271,1513043,1529875,2772,16832,2466,10422,4729,19372,2263,8950,287,6484,1710,7007,-1423,-523,19,-74
488,41860,36084,6013,"Contra Costa County, CA",County or equivalent,1049025,1049025,1052605,1066096,3580,13491,1250,5250,3002,12289,1752,7039,2313,8233,747,3313,1566,4920,17,8
488,41860,41884,,"San Francisco-San Mateo-Redwood City, CA",Metropolitan Division,1776095,1776095,1777733,1795066,1638,17333,2019,8267,4989,20059,2970,11792,-352,9159,1852,7676,-2204,1483,-29,-93
488,41860,41884,6041,"Marin County, CA",County or equivalent,252409,252409,252789,255031,380,2242,169,682,584,2374,415,1692,224,1562,201,632,23,930,-13,-2
488,41860,41884,6075,"San Francisco County, CA",County or equivalent,805235,805235,805340,812826,105,7486,753,3021,2155,8593,1402,5572,-650,4512,957,4096,-1607,416,2,-47
488,41860,41884,6081,"San Mateo County, CA",County or equivalent,718451,718451,719604,727209,1153,7605,1097,4564,2250,9092,1153,4528,74,3085,694,2948,-620,137,-18,-44
488,41940,,,"San Jose-Sunnyvale-Santa Clara, CA",Metropolitan Statistical Area,1836911,1836911,1841787,1865450,4876,23663,3709,15376,6036,24727,2327,9351,1157,8368,2639,11072,-1482,-2704,10,-81
488,41940,,6069,"San Benito County, CA",County or equivalent,55269,55269,55520,56072,251,552,126,450,182,728,56,278,123,105,33,99,90,6,2,-3
488,41940,,6085,"Santa Clara County, CA",County or equivalent,1781642,1781642,1786267,1809378,4625,23111,3583,14926,5854,23999,2271,9073,1034,8263,2606,10973,-1572,-2710,8,-78
488,42100,,,"Santa Cruz-Watsonville, CA",Metropolitan Statistical Area,262382,262382,262880,264298,498,1418,352,1498,793,3191,441,1693,150,-77,180,676,-30,-753,-4,-3
488,42100,,6087,"Santa Cruz County, CA",County or equivalent,262382,262382,262880,264298,498,1418,352,1498,793,3191,441,1693,150,-77,180,676,-30,-753,-4,-3
488,42220,,,"Santa Rosa-Petaluma, CA",Metropolitan Statistical Area,483878,483878,484712,488116,834,3404,420,1675,1333,5444,913,3769,432,1756,299,967,133,789,-18,-27
488,42220,,6097,"Sonoma County, CA",County or equivalent,483878,483878,484712,488116,834,3404,420,1675,1333,5444,913,3769,432,1756,299,967,133,789,-18,-27
488,46700,,,"Vallejo-Fairfield, CA",Metropolitan Statistical Area,413344,413344,414125,416471,781,2346,498,2269,1222,5121,724,2852,290,90,388,1157,-98,-1067,-7,-13
488,46700,,6095,"Solano County, CA",County or equivalent,413344,413344,414125,416471,781,2346,498,2269,1222,5121,724,2852,290,90,388,1157,-98,-1067,-7,-13
492,,,,"Santa Fe-Espanola, NM",Combined Statistical Area,184416,184416,184830,186094,414,1264,187,751,509,2022,322,1271,231,520,159,638,72,-118,-4,-7
492,21580,,,"Espanola, NM",Micropolitan Statistical Area,40246,40248,40333,40446,85,113,76,264,154,611,78,347,10,-152,14,68,-4,-220,-1,1
492,21580,,35039,"Rio Arriba County, NM",County or equivalent,40246,40248,40333,40446,85,113,76,264,154,611,78,347,10,-152,14,68,-4,-220,-1,1
492,42140,,,"Santa Fe, NM",Metropolitan Statistical Area,144170,144168,144497,145648,329,1151,111,487,355,1411,244,924,221,672,145,570,76,102,-3,-8
492,42140,,35049,"Santa Fe County, NM",County or equivalent,144170,144168,144497,145648,329,1151,111,487,355,1411,244,924,221,672,145,570,76,102,-3,-8
494,,,,"Sarasota-Bradenton-Punta Gorda, FL",Combined Statistical Area,862259,862259,863620,869866,1361,6246,-817,-3194,1716,7218,2533,10412,2262,9450,574,1739,1688,7711,-84,-10
494,35840,,,"North Port-Bradenton-Sarasota, FL",Metropolitan Statistical Area,702281,702281,703496,709355,1215,5859,-524,-1960,1473,6244,1997,8204,1801,7818,531,1603,1270,6215,-62,1
494,35840,,12081,"Manatee County, FL",County or equivalent,322833,322833,323453,327142,620,3689,1,203,796,3436,795,3233,640,3476,257,793,383,2683,-21,10
494,35840,,12115,"Sarasota County, FL",County or equivalent,379448,379448,380043,382213,595,2170,-525,-2163,677,2808,1202,4971,1161,4342,274,810,887,3532,-41,-9
494,39460,,,"Punta Gorda, FL",Metropolitan Statistical Area,159978,159978,160124,160511,146,387,-293,-1234,243,974,536,2208,461,1632,43,136,418,1496,-22,-11
494,39460,,12015,"Charlotte County, FL",County or equivalent,159978,159978,160124,160511,146,387,-293,-1234,243,974,536,2208,461,1632,43,136,418,1496,-22,-11
496,,,,"Savannah-Hinesville-Fort Stewart, GA",Combined Statistical Area,425528,425533,425893,436163,360,10270,743,3570,1517,6663,774,3093,-421,6618,346,608,-767,6010,38,82
496,25980,,,"Hinesville-Fort Stewart, GA",Metropolitan Statistical Area,77917,77917,77386,80587,-531,3201,298,1241,359,1619,61,378,-869,1932,175,173,-1044,1759,40,28
496,25980,,13179,"Liberty County, GA",County or equivalent,63453,63465,62746,65451,-719,2705,271,1142,326,1449,55,307,-1026,1541,156,127,-1182,1414,36,22
496,25980,,13183,"Long County, GA",County or equivalent,14464,14452,14640,15136,188,496,27,99,33,170,6,71,157,391,19,46,138,345,4,6
496,42340,,,"Savannah, GA",Metropolitan Statistical Area,347611,347616,348507,355576,891,7069,445,2329,1158,5044,713,2715,448,4686,171,435,277,4251,-2,54
496,42340,,13029,"Bryan County, GA",County or equivalent,30233,30238,30391,31377,153,986,51,267,106,457,55,190,101,710,11,30,90,680,1,9
496,42340,,13051,"Chatham County, GA",County or equivalent,265128,265128,265695,271544,567,5849,344,1743,907,3949,563,2206,229,4060,152,374,77,3686,-6,46
496,42340,,13103,"Effingham County, GA",County or equivalent,52250,52250,52421,52655,171,234,50,319,145,638,95,319,118,-84,8,31,110,-115,3,-1
500,,,,"Seattle-Tacoma-Olympia, WA",Combined Statistical Area,4199312,4199312,4209163,4269349,9851,60186,6551,25203,13412,53348,6861,28145,3327,34941,3475,12977,-148,21964,-27,42
500,14740,,,"Bremerton-Silverdale, WA",Metropolitan Statistical Area,251133,251133,251738,254633,605,2895,265,934,729,2886,464,1952,344,1950,152,68,192,1882,-4,11
500,14740,,53035,"Kitsap County, WA",County or equivalent,251133,251133,251738,254633,605,2895,265,934,729,2886,464,1952,344,1950,152,68,192,1882,-4,11
500,34580,,,"Mount Vernon-Anacortes, WA",Metropolitan Statistical Area,116901,116901,117096,118109,195,1013,99,394,369,1479,270,1085,102,627,110,365,-8,262,-6,-8
500,34580,,53057,"Skagit County, WA",County or equivalent,116901,116901,117096,118109,195,1013,99,394,369,1479,270,1085,102,627,110,365,-8,262,-6,-8
500,36020,,,"Oak Harbor, WA",Micropolitan Statistical Area,78506,78506,78676,78971,170,295,85,307,234,895,149,588,90,-6,74,66,16,-72,-5,-6
500,36020,,53029,"Island County, WA",County or equivalent,78506,78506,78676,78971,170,295,85,307,234,895,149,588,90,-6,74,66,16,-72,-5,-6
500,36500,,,"Olympia, WA",Metropolitan Statistical Area,252264,252264,253005,256591,741,3586,304,1200,748,3015,444,1815,438,2373,106,215,332,2158,-1,13
500,36500,,53067,"Thurston County, WA",County or equivalent,252264,252264,253005,256591,741,3586,304,1200,748,3015,444,1815,438,2373,106,215,332,2158,-1,13
500,42660,,,"Seattle-Tacoma-Bellevue, WA",Metropolitan Statistical Area,3439809,3439809,3447886,3500026,8077,52140,5782,22280,11176,44416,5394,22136,2304,29826,3023,12228,-719,17598,-9,34
500,42660,42644,,"Seattle-Bellevue-Everett, WA",Metropolitan Division,2644584,2644584,2652515,2692122,7931,39607,4503,17159,8471,33459,3968,16300,3472,22461,2597,11095,875,11366,-44,-13
500,42660,42644,53033,"King County, WA",County or equivalent,1931249,1931249,1937157,1969722,5908,32565,3311,12683,6197,24464,2886,11781,2628,19838,2167,9388,461,10450,-31,44
500,42660,42644,53061,"Snohomish County, WA",County or equivalent,713335,713335,715358,722400,2023,7042,1192,4476,2274,8995,1082,4519,844,2623,430,1707,414,916,-13,-57
500,42660,45104,,"Tacoma, WA",Metropolitan Division,795225,795225,795371,807904,146,12533,1279,5121,2705,10957,1426,5836,-1168,7365,426,1133,-1594,6232,35,47
500,42660,45104,53053,"Pierce County, WA",County or equivalent,795225,795225,795371,807904,146,12533,1279,5121,2705,10957,1426,5836,-1168,7365,426,1133,-1594,6232,35,47
500,43220,,,"Shelton, WA",Micropolitan Statistical Area,60699,60699,60762,61019,63,257,16,88,156,657,140,569,49,171,10,35,39,136,-2,-2
500,43220,,53045,"Mason County, WA",County or equivalent,60699,60699,60762,61019,63,257,16,88,156,657,140,569,49,171,10,35,39,136,-2,-2
508,,,,"Shreveport-Bossier City-Minden, LA",Combined Statistical Area,439811,439811,441131,444883,1320,3752,481,2062,1568,6351,1087,4289,831,1693,139,297,692,1396,8,-3
508,33380,,,"Minden, LA",Micropolitan Statistical Area,41207,41207,41243,41288,36,45,3,18,125,529,122,511,35,29,3,15,32,14,-2,-2
508,33380,,22119,"Webster Parish, LA",County or equivalent,41207,41207,41243,41288,36,45,3,18,125,529,122,511,35,29,3,15,32,14,-2,-2
508,43340,,,"Shreveport-Bossier City, LA",Metropolitan Statistical Area,398604,398604,399888,403595,1284,3707,478,2044,1443,5822,965,3778,796,1664,136,282,660,1382,10,-1
508,43340,,22015,"Bossier Parish, LA",County or equivalent,116979,116979,117543,119732,564,2189,175,724,409,1636,234,912,382,1449,80,132,302,1317,7,16
508,43340,,22017,"Caddo Parish, LA",County or equivalent,254969,254969,255613,257051,644,1438,289,1264,956,3858,667,2594,353,189,54,135,299,54,2,-15
508,43340,,22031,"De Soto Parish, LA",County or equivalent,26656,26656,26732,26812,76,80,14,56,78,328,64,272,61,26,2,15,59,11,1,-2
512,,,,"Sioux City-Vermillion, IA-NE-SD",Combined Statistical Area,157441,157441,157730,158113,289,383,296,1062,577,2357,281,1295,-5,-685,50,167,-55,-852,-2,6
512,43580,,,"Sioux City, IA-NE-SD",Metropolitan Statistical Area,143577,143577,143863,144062,286,199,262,987,534,2188,272,1201,25,-794,46,142,-21,-936,-1,6
512,43580,,19193,"Woodbury County, IA",County or equivalent,102172,102172,102336,102509,164,173,164,654,378,1543,214,889,3,-483,24,67,-21,-550,-3,2
512,43580,,31043,"Dakota County, NE",County or equivalent,21006,21006,21049,20913,43,-136,67,260,96,393,29,133,-24,-401,21,72,-45,-473,0,5
512,43580,,31051,"Dixon County, NE",County or equivalent,6000,6000,5979,5989,-21,10,7,2,17,72,10,70,-28,9,0,1,-28,8,0,-1
512,43580,,46127,"Union County, SD",County or equivalent,14399,14399,14499,14651,100,152,24,71,43,180,19,109,74,81,1,2,73,79,2,0
512,46820,,,"Vermillion, SD",Micropolitan Statistical Area,13864,13864,13867,14051,3,184,34,75,43,169,9,94,-30,109,4,25,-34,84,-1,0
512,46820,,46027,"Clay County, SD",County or equivalent,13864,13864,13867,14051,3,184,34,75,43,169,9,94,-30,109,4,25,-34,84,-1,0
515,,,,"South Bend-Elkhart-Mishawaka, IN-MI",Combined Statistical Area,563834,563834,563632,564679,-202,1047,766,2931,1938,7694,1172,4763,-978,-1880,237,779,-1215,-2659,10,-4
515,21140,,,"Elkhart-Goshen, IN",Metropolitan Statistical Area,197559,197561,197551,198941,-10,1390,409,1599,770,3061,361,1462,-431,-207,97,361,-528,-568,12,-2
515,21140,,18039,"Elkhart County, IN",County or equivalent,197559,197561,197551,198941,-10,1390,409,1599,770,3061,361,1462,-431,-207,97,361,-528,-568,12,-2
515,38500,,,"Plymouth, IN",Micropolitan Statistical Area,47051,47051,47023,47050,-28,27,37,148,148,596,111,448,-65,-122,18,68,-83,-190,0,1
515,38500,,18099,"Marshall County, IN",County or equivalent,47051,47051,47023,47050,-28,27,37,148,148,596,111,448,-65,-122,18,68,-83,-190,0,1
515,43780,,,"South Bend-Mishawaka, IN-MI",Metropolitan Statistical Area,319224,319222,319058,318688,-164,-370,320,1184,1020,4037,700,2853,-482,-1551,122,350,-604,-1901,-2,-3
515,43780,,18141,"St. Joseph County, IN",County or equivalent,266931,266929,266848,266700,-81,-148,298,1112,877,3478,579,2366,-382,-1265,119,334,-501,-1599,3,5
515,43780,,26027,"Cass County, MI",County or equivalent,52293,52293,52210,51988,-83,-222,22,72,143,559,121,487,-100,-286,3,16,-103,-302,-5,-8
526,,,,"Sunbury-Lewisburg-Selinsgrove, PA",Combined Statistical Area,179177,179168,179051,179224,-117,173,-1,-47,453,1770,454,1817,-117,229,13,64,-130,165,1,-9
526,30260,,,"Lewisburg, PA",Micropolitan Statistical Area,44947,44949,44816,44847,-133,31,-2,-13,94,369,96,382,-133,46,6,26,-139,20,2,-2
526,30260,,42119,"Union County, PA",County or equivalent,44947,44949,44816,44847,-133,31,-2,-13,94,369,96,382,-133,46,6,26,-139,20,2,-2
526,42780,,,"Selinsgrove, PA",Micropolitan Statistical Area,39702,39702,39841,39819,139,-22,32,85,111,428,79,343,105,-103,1,6,104,-109,2,-4
526,42780,,42109,"Snyder County, PA",County or equivalent,39702,39702,39841,39819,139,-22,32,85,111,428,79,343,105,-103,1,6,104,-109,2,-4
526,44980,,,"Sunbury, PA",Micropolitan Statistical Area,94528,94517,94394,94558,-123,164,-31,-119,248,973,279,1092,-89,286,6,32,-95,254,-3,-3
526,44980,,42097,"Northumberland County, PA",County or equivalent,94528,94517,94394,94558,-123,164,-31,-119,248,973,279,1092,-89,286,6,32,-95,254,-3,-3
532,,,,"Syracuse-Auburn, NY",Combined Statistical Area,742603,742606,742880,742291,274,-589,564,2103,2081,8246,1517,6143,-270,-2684,229,702,-499,-3386,-20,-8
532,12180,,,"Auburn, NY",Micropolitan Statistical Area,80026,80027,79997,79738,-30,-259,38,117,202,800,164,683,-64,-372,4,16,-68,-388,-4,-4
532,12180,,36011,"Cayuga County, NY",County or equivalent,80026,80027,79997,79738,-30,-259,38,117,202,800,164,683,-64,-372,4,16,-68,-388,-4,-4
532,45060,,,"Syracuse, NY",Metropolitan Statistical Area,662577,662579,662883,662553,304,-330,526,1986,1879,7446,1353,5460,-206,-2312,225,686,-431,-2998,-16,-4
532,45060,,36053,"Madison County, NY",County or equivalent,73442,73442,73464,73365,22,-99,42,132,172,680,130,548,-18,-229,4,25,-22,-254,-2,-2
532,45060,,36067,"Onondaga County, NY",County or equivalent,467026,467025,467253,466960,228,-293,386,1456,1362,5381,976,3925,-146,-1749,215,636,-361,-2385,-12,0
532,45060,,36075,"Oswego County, NY",County or equivalent,122109,122112,122166,122228,54,62,98,398,345,1385,247,987,-42,-334,6,25,-48,-359,-2,-2
534,,,,"Toledo-Fremont, OH",Combined Statistical Area,712373,712373,712061,711000,-312,-1061,633,2212,2251,8845,1618,6633,-956,-3303,147,422,-1103,-3725,11,30
534,23380,,,"Fremont, OH",Micropolitan Statistical Area,60944,60944,60911,60734,-33,-177,40,158,185,744,145,586,-74,-337,3,13,-77,-350,1,2
534,23380,,39143,"Sandusky County, OH",County or equivalent,60944,60944,60911,60734,-33,-177,40,158,185,744,145,586,-74,-337,3,13,-77,-350,1,2
534,45780,,,"Toledo, OH",Metropolitan Statistical Area,651429,651429,651150,650266,-279,-884,593,2054,2066,8101,1473,6047,-882,-2966,144,409,-1026,-3375,10,28
534,45780,,39051,"Fulton County, OH",County or equivalent,42698,42698,42674,42510,-24,-164,28,106,127,502,99,396,-51,-272,2,19,-53,-291,-1,2
534,45780,,39095,"Lucas County, OH",County or equivalent,441815,441815,441541,440005,-274,-1536,473,1644,1504,5867,1031,4223,-761,-3212,116,283,-877,-3495,14,32
534,45780,,39123,"Ottawa County, OH",County or equivalent,41428,41428,41403,41396,-25,-7,-30,-106,88,370,118,476,8,102,3,16,5,86,-3,-3
534,45780,,39173,"Wood County, OH",County or equivalent,125488,125488,125532,126355,44,823,122,410,347,1362,225,952,-78,416,23,91,-101,325,0,-3
538,,,,"Tulsa-Bartlesville, OK",Combined Statistical Area,988454,988454,991171,998438,2717,7267,1494,5416,3529,14205,2035,8789,1228,1884,394,1393,834,491,-5,-33
538,12780,,,"Bartlesville, OK",Micropolitan Statistical Area,50976,50976,51048,51476,72,428,20,66,158,624,138,558,53,361,13,59,40,302,-1,1
538,12780,,40147,"Washington County, OK",County or equivalent,50976,50976,51048,51476,72,428,20,66,158,624,138,558,53,361,13,59,40,302,-1,1
538,46140,,,"Tulsa, OK",Metropolitan Statistical Area,937478,937478,940123,946962,2645,6839,1474,5350,3371,13581,1897,8231,1175,1523,381,1334,794,189,-4,-34
538,46140,,40037,"Creek County, OK",County or equivalent,69967,69967,70141,70467,174,326,40,95,211,839,171,744,133,232,10,31,123,201,1,-1
538,46140,,40111,"Okmulgee County, OK",County or equivalent,40069,40069,40144,39937,75,-207,27,49,124,502,97,453,48,-258,0,6,48,-264,0,2
538,46140,,40113,"Osage County, OK",County or equivalent,47472,47466,47412,47425,-54,13,13,29,108,444,95,415,-62,-11,13,51,-75,-62,-5,-5
538,46140,,40117,"Pawnee County, OK",County or equivalent,16577,16577,16576,16730,-1,154,2,4,43,174,41,170,-2,150,0,1,-2,149,-1,0
538,46140,,40131,"Rogers County, OK",County or equivalent,86905,86905,87042,87706,137,664,100,303,236,949,136,646,39,364,17,58,22,306,-2,-3
538,46140,,40143,"Tulsa County, OK",County or equivalent,603403,603409,605413,610599,2004,5186,1195,4495,2427,9781,1232,5286,811,719,335,1168,476,-449,-2,-28
538,46140,,40145,"Wagoner County, OK",County or equivalent,73085,73085,73395,74098,310,703,97,375,222,892,125,517,208,327,6,19,202,308,5,1
540,,,,"Tyler-Jacksonville, TX",Combined Statistical Area,260559,260559,261394,264521,835,3127,336,1548,945,3870,609,2322,502,1582,84,312,418,1270,-3,-3
540,27380,,,"Jacksonville, TX",Micropolitan Statistical Area,50845,50845,50905,51140,60,235,66,286,186,784,120,498,-4,-48,15,56,-19,-104,-2,-3
540,27380,,48073,"Cherokee County, TX",County or equivalent,50845,50845,50905,51140,60,235,66,286,186,784,120,498,-4,-48,15,56,-19,-104,-2,-3
540,46340,,,"Tyler, TX",Metropolitan Statistical Area,209714,209714,210489,213381,775,2892,270,1262,759,3086,489,1824,506,1630,69,256,437,1374,-1,0
540,46340,,48423,"Smith County, TX",County or equivalent,209714,209714,210489,213381,775,2892,270,1262,759,3086,489,1824,506,1630,69,256,437,1374,-1,0
542,,,,"Union City-Martin, TN-KY",Combined Statistical Area,73641,73641,73657,73525,16,-132,-14,-47,204,829,218,876,34,-83,14,54,20,-137,-4,-2
542,32280,,,"Martin, TN",Micropolitan Statistical Area,35021,35021,35008,34980,-13,-28,-5,43,98,400,103,357,-7,-71,3,13,-10,-84,-1,0
542,32280,,47183,"Weakley County, TN",County or equivalent,35021,35021,35008,34980,-13,-28,-5,43,98,400,103,357,-7,-71,3,13,-10,-84,-1,0
542,46460,,,"Union City, TN-KY",Micropolitan Statistical Area,38620,38620,38649,38545,29,-104,-9,-90,106,429,115,519,41,-12,11,41,30,-53,-3,-2
542,46460,,21075,"Fulton County, KY",County or equivalent,6813,6813,6825,6755,12,-70,1,-30,20,82,19,112,11,-40,0,0,11,-40,0,0
542,46460,,47131,"Obion County, TN",County or equivalent,31807,31807,31824,31790,17,-34,-10,-60,86,347,96,407,30,28,11,41,19,-13,-3,-2
548,,,,"Washington-Baltimore-Northern Virginia, DC-MD-VA-WV",Combined Statistical Area,8572971,8572838,8605017,8718083,32179,113066,15559,60753,28826,115952,13267,55199,16430,52164,8416,30180,8014,21984,190,149
548,12580,,,"Baltimore-Towson, MD",Metropolitan Statistical Area,2710489,2710489,2714546,2729110,4057,14564,2854,10941,8391,33729,5537,22788,1225,3663,1643,5004,-418,-1341,-22,-40
548,12580,,24003,"Anne Arundel County, MD",County or equivalent,537656,537656,539241,544403,1585,5162,816,3128,1724,6874,908,3746,768,2042,356,714,412,1328,1,-8
548,12580,,24005,"Baltimore County, MD",County or equivalent,805029,805029,805964,809941,935,3977,519,1989,2416,9740,1897,7751,449,2035,531,1871,-82,164,-33,-47
548,12580,,24013,"Carroll County, MD",County or equivalent,167134,167134,167247,167288,113,41,71,291,405,1608,334,1317,48,-245,26,61,22,-306,-6,-5
548,12580,,24025,"Harford County, MD",County or equivalent,244826,244826,245190,246489,364,1299,236,911,672,2700,436,1789,131,398,53,69,78,329,-3,-10
548,12580,,24027,"Howard County, MD",County or equivalent,287085,287085,288472,293142,1387,4670,532,1959,843,3302,311,1343,842,2697,280,924,562,1773,13,14
548,12580,,24035,"Queen Anne's County, MD",County or equivalent,47798,47798,47872,48354,74,482,26,130,121,459,95,329,51,351,5,21,46,330,-3,1
548,12580,,24510,"Baltimore city, MD",County or equivalent,620961,620961,620560,619493,-401,-1067,654,2533,2210,9046,1556,6513,-1064,-3615,392,1344,-1456,-4959,9,15
548,19020,,,"Culpeper, VA",Micropolitan Statistical Area,46689,46689,46842,47476,153,634,62,281,150,626,88,345,90,353,20,75,70,278,1,0
548,19020,,51047,"Culpeper County, VA",County or equivalent,46689,46689,46842,47476,153,634,62,281,150,626,88,345,90,353,20,75,70,278,1,0
548,30500,,,"Lexington Park, MD",Micropolitan Statistical Area,105151,105151,105749,107484,598,1735,192,761,355,1461,163,700,396,965,46,81,350,884,10,9
548,30500,,24037,"St. Mary's County, MD",County or equivalent,105151,105151,105749,107484,598,1735,192,761,355,1461,163,700,396,965,46,81,350,884,10,9
548,47900,,,"Washington-Arlington-Alexandria, DC-VA-MD-WV",Metropolitan Statistical Area,5582170,5582037,5609150,5703948,27113,94798,12338,48235,19536,78603,7198,30368,14574,46389,6664,24872,7910,21517,201,174
548,47900,13644,,"Bethesda-Rockville-Frederick, MD",Metropolitan Division,1205162,1205162,1209627,1226539,4465,16912,2381,9291,3976,15983,1595,6692,2097,7674,1564,6555,533,1119,-13,-53
548,47900,13644,24021,"Frederick County, MD",County or equivalent,233385,233385,234188,236745,803,2557,371,1286,705,2757,334,1471,427,1270,151,445,276,825,5,1
548,47900,13644,24031,"Montgomery County, MD",County or equivalent,971777,971777,975439,989794,3662,14355,2010,8005,3271,13226,1261,5221,1670,6404,1413,6110,257,294,-18,-54
548,47900,47894,,"Washington-Arlington-Alexandria, DC-VA-MD-WV",Metropolitan Division,4377008,4376875,4399523,4477409,22648,77886,9957,38944,15560,62620,5603,23676,12477,38715,5100,18317,7377,20398,214,227
548,47900,47894,11001,"District of Columbia, DC",County or equivalent,601723,601723,604912,617996,3189,13084,1134,4230,2232,9003,1098,4773,2025,8769,598,1862,1427,6907,30,85
548,47900,47894,24009,"Calvert County, MD",County or equivalent,88737,88737,88912,89256,175,344,80,300,221,905,141,605,94,49,19,44,75,5,1,-5
548,47900,47894,24017,"Charles County, MD",County or equivalent,146551,146551,147103,149130,552,2027,207,873,441,1747,234,874,339,1147,52,138,287,1009,6,7
548,47900,47894,24033,"Prince George's County, MD",County or equivalent,863420,863420,865219,871233,1799,6014,1634,6576,2945,11967,1311,5391,153,-579,985,3859,-832,-4438,12,17
548,47900,47894,51013,"Arlington County, VA",County or equivalent,207627,207628,209291,216004,1663,6713,571,2021,773,2988,202,967,1074,4652,478,1632,596,3020,18,40
548,47900,47894,51043,"Clarke County, VA",County or equivalent,14034,14034,14072,14258,38,186,8,-19,34,126,26,145,31,203,2,18,29,185,-1,2
548,47900,47894,51059,"Fairfax County, VA",County or equivalent,1081726,1081725,1085934,1100692,4209,14758,2567,10335,3723,14966,1156,4631,1654,4507,1461,5944,193,-1437,-12,-84
548,47900,47894,51061,"Fauquier County, VA",County or equivalent,65203,65203,65384,66071,181,687,67,226,179,729,112,503,113,461,13,50,100,411,1,0
548,47900,47894,51107,"Loudoun County, VA",County or equivalent,312311,312311,315305,325405,2994,10100,1037,3972,1251,4943,214,971,1911,6071,297,925,1614,5146,46,57
548,47900,47894,51153,"Prince William County, VA",County or equivalent,402002,402002,406395,419006,4393,12611,1267,5130,1609,6554,342,1424,3044,7405,455,1311,2589,6094,82,76
548,47900,47894,51177,"Spotsylvania County, VA",County or equivalent,122397,122397,122895,124327,498,1432,236,813,391,1542,155,729,257,619,46,148,211,471,5,0
548,47900,47894,51179,"Stafford County, VA",County or equivalent,128961,128961,129772,132133,811,2361,280,1090,408,1654,128,564,517,1259,79,172,438,1087,14,12
548,47900,47894,51187,"Warren County, VA",County or equivalent,37575,37442,37555,37749,113,194,17,100,106,430,89,330,95,97,13,52,82,45,1,-3
548,47900,47894,51510,"Alexandria city, VA",County or equivalent,139966,139966,140894,144301,928,3407,514,1930,669,2630,155,700,415,1484,402,1413,13,71,-1,-7
548,47900,47894,51600,"Fairfax city, VA",County or equivalent,22565,22565,22624,22549,59,-75,34,202,83,396,49,194,27,-278,39,147,-12,-425,-2,1
548,47900,47894,51610,"Falls Church city, VA",County or equivalent,12332,12332,12496,12751,164,255,22,99,28,175,6,76,139,156,20,85,119,71,3,0
548,47900,47894,51630,"Fredericksburg city, VA",County or equivalent,24286,24286,24432,25691,146,1259,48,194,95,396,47,202,97,1051,22,93,75,958,1,14
548,47900,47894,51683,"Manassas city, VA",County or equivalent,37821,37821,38254,39300,433,1046,132,483,158,638,26,155,295,561,82,300,213,261,6,2
548,47900,47894,51685,"Manassas Park city, VA",County or equivalent,14273,14273,14431,15332,158,901,59,199,63,233,4,34,97,692,20,71,77,621,2,10
548,47900,47894,54037,"Jefferson County, WV",County or equivalent,53498,53498,53643,54225,145,582,43,190,151,598,108,408,100,389,17,53,83,336,2,3
548,49020,,,"Winchester, VA-WV",Metropolitan Statistical Area,128472,128472,128730,130065,258,1335,113,535,394,1533,281,998,145,794,43,148,102,646,0,6
548,49020,,51069,"Frederick County, VA",County or equivalent,78305,78305,78512,79666,207,1154,84,382,228,909,144,527,122,766,15,49,107,717,1,6
548,49020,,51840,"Winchester city, VA",County or equivalent,26203,26203,26255,26587,52,332,44,163,111,402,67,239,8,169,28,99,-20,70,0,0
548,49020,,54027,"Hampshire County, WV",County or equivalent,23964,23964,23963,23812,-1,-151,-15,-10,55,222,70,232,15,-141,0,0,15,-141,-1,0
554,,,,"Wausau-Merrill, WI",Combined Statistical Area,162806,162806,162870,163002,64,132,162,598,493,1924,331,1326,-96,-466,32,147,-128,-613,-2,0
554,32980,,,"Merrill, WI",Micropolitan Statistical Area,28743,28743,28771,28602,28,-169,14,12,80,306,66,294,15,-182,3,10,12,-192,-1,1
554,32980,,55069,"Lincoln County, WI",County or equivalent,28743,28743,28771,28602,28,-169,14,12,80,306,66,294,15,-182,3,10,12,-192,-1,1
554,48140,,,"Wausau, WI",Metropolitan Statistical Area,134063,134063,134099,134400,36,301,148,586,413,1618,265,1032,-111,-284,29,137,-140,-421,-1,-1
554,48140,,55073,"Marathon County, WI",County or equivalent,134063,134063,134099,134400,36,301,148,586,413,1618,265,1032,-111,-284,29,137,-140,-421,-1,-1
556,,,,"Wichita-Winfield, KS",Combined Statistical Area,659372,659372,660385,661798,1013,1413,1118,4478,2487,10000,1369,5522,-99,-3084,240,570,-339,-3654,-6,19
556,48620,,,"Wichita, KS",Metropolitan Statistical Area,623061,623061,624099,625526,1038,1427,1109,4421,2366,9526,1257,5105,-65,-3015,232,544,-297,-3559,-6,21
556,48620,,20015,"Butler County, KS",County or equivalent,65880,65880,65948,65817,68,-131,63,207,200,786,137,579,6,-339,5,25,1,-364,-1,1
556,48620,,20079,"Harvey County, KS",County or equivalent,34684,34684,34751,34846,67,95,24,113,116,452,92,339,46,-17,12,49,34,-66,-3,-1
556,48620,,20173,"Sedgwick County, KS",County or equivalent,498365,498365,499301,501076,936,1775,1007,4078,1967,8002,960,3924,-69,-2321,215,470,-284,-2791,-2,18
556,48620,,20191,"Sumner County, KS",County or equivalent,24132,24132,24099,23787,-33,-312,15,23,83,286,68,263,-48,-338,0,0,-48,-338,0,3
556,49060,,,"Winfield, KS",Micropolitan Statistical Area,36311,36311,36286,36272,-25,-14,9,57,121,474,112,417,-34,-69,8,26,-42,-95,0,-2
556,49060,,20035,"Cowley County, KS",County or equivalent,36311,36311,36286,36272,-25,-14,9,57,121,474,112,417,-34,-69,8,26,-42,-95,0,-2
558,,,,"Williamsport-Lock Haven, PA",Combined Statistical Area,155349,155349,155156,155955,-193,799,2,-62,407,1603,405,1665,-196,861,9,44,-205,817,1,0
558,30820,,,"Lock Haven, PA",Micropolitan Statistical Area,39238,39241,38979,39208,-262,229,5,13,98,395,93,382,-273,215,2,18,-275,197,6,1
558,30820,,42035,"Clinton County, PA",County or equivalent,39238,39241,38979,39208,-262,229,5,13,98,395,93,382,-273,215,2,18,-275,197,6,1
558,48700,,,"Williamsport, PA",Metropolitan Statistical Area,116111,116108,116177,116747,69,570,-3,-75,309,1208,312,1283,77,646,7,26,70,620,-5,-1
558,48700,,42081,"Lycoming County, PA",County or equivalent,116111,116108,116177,116747,69,570,-3,-75,309,1208,312,1283,77,646,7,26,70,620,-5,-1
564,,,,"York-Hanover-Gettysburg, PA",Combined Statistical Area,536379,536379,537169,538204,790,1035,436,1637,1527,6080,1091,4443,367,-585,126,350,241,-935,-13,-17
564,23900,,,"Gettysburg, PA",Micropolitan Statistical Area,101407,101407,101443,101434,36,-9,29,157,257,1041,228,884,12,-164,20,75,-8,-239,-5,-2
564,23900,,42001,"Adams County, PA",County or equivalent,101407,101407,101443,101434,36,-9,29,157,257,1041,228,884,12,-164,20,75,-8,-239,-5,-2
564,49620,,,"York-Hanover, PA",Metropolitan Statistical Area,434972,434972,435726,436770,754,1044,407,1480,1270,5039,863,3559,355,-421,106,275,249,-696,-8,-15
564,49620,,42133,"York County, PA",County or equivalent,434972,434972,435726,436770,754,1044,407,1480,1270,5039,863,3559,355,-421,106,275,249,-696,-8,-15
566,,,,"Youngstown-Warren-East Liverpool, OH-PA",Combined Statistical Area,673614,673614,672824,670309,-790,-2515,-205,-947,1760,6913,1965,7860,-567,-1535,27,12,-594,-1547,-18,-33
566,20620,,,"East Liverpool-Salem, OH",Micropolitan Statistical Area,107841,107841,107851,107570,10,-281,18,56,299,1183,281,1127,-3,-335,1,1,-4,-336,-5,-2
566,20620,,39029,"Columbiana County, OH",County or equivalent,107841,107841,107851,107570,10,-281,18,56,299,1183,281,1127,-3,-335,1,1,-4,-336,-5,-2
566,49660,,,"Youngstown-Warren-Boardman, OH-PA",Metropolitan Statistical Area,565773,565773,564973,562739,-800,-2234,-223,-1003,1461,5730,1684,6733,-564,-1200,26,11,-590,-1211,-13,-31
566,49660,,39099,"Mahoning County, OH",County or equivalent,238823,238823,238310,237270,-513,-1040,-140,-557,614,2406,754,2963,-368,-466,22,31,-390,-497,-5,-17
566,49660,,39155,"Trumbull County, OH",County or equivalent,210312,210312,209972,209264,-340,-708,-21,-144,566,2213,587,2357,-314,-555,3,-36,-317,-519,-5,-9
566,49660,,42085,"Mercer County, PA",County or equivalent,116638,116638,116691,116205,53,-486,-62,-302,281,1111,343,1413,118,-179,1,16,117,-195,-3,-5
